0 0.43358395989974935 0.6733333333333333 0.345865 0.520000
1 0.24812030075187969 0.8016666666666667 0.330827 0.390000
1 0.38972431077694236 0.29500000000000004 0.197995 0.590000
1 0.5388471177944862 0.8116666666666668 0.315789 0.363333
1 0.8082706766917293 0.7133333333333334 0.378446 0.553333
1 0.662907268170426 0.38833333333333336 0.373434 0.763333
1 0.794486215538847 0.135 0.125313 0.270000
1 0.9185463659147869 0.335 0.157895 0.670000
1 0.6553884711779449 0.21666666666666667 0.192982 0.433333
1 0.06641604010025062 0.06166666666666667 0.132832 0.116667
1 0.14035087719298245 0.043333333333333335 0.105263 0.086667
