1 0.015833333333333335 0.6176470588235294 0.031667 0.276471
1 0.09000000000000001 0.5397058823529411 0.080000 0.238235
1 0.05666666666666667 0.7235294117647059 0.086667 0.176471
1 0.14500000000000002 0.7779411764705882 0.080000 0.397059
1 0.31833333333333336 0.7926470588235294 0.063333 0.350000
1 0.445 0.49117647058823527 0.056667 0.176471
1 0.4591666666666667 0.7147058823529412 0.068333 0.311765
1 0.5041666666666667 0.45294117647058824 0.031667 0.052941
1 0.5241666666666667 0.5573529411764706 0.051667 0.155882
1 0.5316666666666667 0.75 0.063333 0.317647
1 0.6825 0.4485294117647059 0.058333 0.138235
1 0.6916666666666668 0.6279411764705882 0.063333 0.279412
1 0.7791666666666667 0.9220588235294117 0.115000 0.138235
0 0.6625000000000001 0.8176470588235294 0.128333 0.111765
0 0.5416666666666667 0.8161764705882353 0.126667 0.079412
