1 0.03179190751445087 0.3394495412844037 0.040462 0.085627
1 0.09768786127167631 0.3425076452599388 0.052023 0.125382
1 0.13641618497109828 0.363914373088685 0.039306 0.128440
1 0.23352601156069366 0.5496941896024465 0.131792 0.778287
1 0.3283236994219653 0.2996941896024465 0.076301 0.125382
1 0.43063583815028905 0.34327217125382264 0.128324 0.344037
1 0.5289017341040463 0.31574923547400613 0.093642 0.197248
1 0.7190751445086706 0.3073394495412844 0.071676 0.180428
1 0.7890173410404625 0.5680428134556575 0.137572 0.524465
1 0.8248554913294798 0.33868501529051986 0.093642 0.200306
1 0.6063583815028902 0.6093272171253823 0.216185 0.778287
1 0.3757225433526012 0.6590214067278287 0.175723 0.351682
1 0.48497109826589596 0.6422018348623854 0.091329 0.204893
0 0.3930635838150289 0.8807339449541285 0.265896 0.235474
