0 0.07384615384615384 0.5175233644859812 0.147692 0.119159
0 0.07769230769230769 0.6343457943925234 0.155385 0.133178
0 0.1753846153846154 0.6366822429906541 0.295385 0.329439
0 0.5084615384615384 0.5490654205607476 0.324615 0.373832
0 0.5123076923076924 0.5116822429906541 0.086154 0.102804
0 0.25846153846153846 0.43224299065420557 0.033846 0.046729
0 0.27307692307692305 0.47546728971962615 0.026154 0.044393
0 0.7607692307692308 0.4404205607476635 0.063077 0.072430
0 0.8761538461538462 0.47079439252336447 0.189231 0.114486
0 0.8315384615384616 0.36214953271028033 0.063077 0.060748
0 0.9007692307692308 0.38084112149532706 0.100000 0.060748
0 0.9161538461538462 0.3177570093457944 0.066154 0.042056
0 0.85 0.669392523364486 0.293846 0.329439
0 0.9161538461538462 0.7792056074766355 0.164615 0.259346
