0 0.6013888888888889 0.6129629629629629 0.147222 0.114815
1 0.3944444444444445 0.6481481481481481 0.255556 0.377778
1 0.18472222222222223 0.14074074074074075 0.075000 0.111111
1 0.20277777777777778 0.362962962962963 0.050000 0.118519
1 0.12638888888888888 0.3814814814814815 0.175000 0.762963
1 0.3472222222222222 0.34814814814814815 0.066667 0.074074
1 0.2986111111111111 0.49074074074074076 0.169444 0.240741
1 0.48055555555555557 0.3814814814814815 0.200000 0.148148
1 0.5083333333333333 0.19444444444444445 0.061111 0.218519
1 0.5791666666666667 0.18888888888888888 0.080556 0.244444
1 0.8 0.35000000000000003 0.177778 0.692593
