1 0.11559633027522936 0.3865546218487395 0.124771 0.352941
1 0.34770642201834867 0.35294117647058826 0.071560 0.364146
1 0.45871559633027525 0.32212885154061627 0.080734 0.420168
1 0.5146788990825688 0.33613445378151263 0.082569 0.414566
1 0.5862385321100918 0.24929971988795518 0.075229 0.156863
1 0.5935779816513762 0.42296918767507 0.064220 0.184874
1 0.644954128440367 0.4327731092436975 0.089908 0.204482
1 0.6614678899082569 0.24089635854341737 0.064220 0.229692
1 0.7321100917431194 0.32492997198879553 0.091743 0.375350
1 0.8238532110091743 0.32072829131652664 0.062385 0.350140
1 0.8853211009174312 0.3277310924369748 0.075229 0.347339
1 0.9422018348623854 0.20588235294117646 0.045872 0.131653
1 0.9146788990825688 0.18067226890756302 0.027523 0.053221
0 0.29633027522935784 0.7563025210084033 0.478899 0.268908
