0 0.5011363636363636 0.48337595907928393 0.893182 0.370844
1 0.6068181818181818 0.36253196930946296 0.600000 0.407928
1 0.27386363636363636 0.20907928388746805 0.243182 0.418159
1 0.5806818181818182 0.1540920716112532 0.325000 0.308184
1 0.41704545454545455 0.11828644501278773 0.188636 0.236573
1 0.6954545454545454 0.11381074168797956 0.172727 0.227621
1 0.8920454545454545 0.2173913043478261 0.211364 0.388747
1 0.8454545454545455 0.13107416879795397 0.204545 0.262148
1 0.8829545454545454 0.5856777493606139 0.229545 0.248082
1 0.0659090909090909 0.2710997442455243 0.131818 0.542199
1 0.13522727272727272 0.12979539641943735 0.161364 0.259591
