1 0.024 0.04640718562874252 0.044000 0.080838
1 0.096 0.031437125748503 0.052000 0.050898
1 0.084 0.17365269461077845 0.104000 0.173653
1 0.036000000000000004 0.3038922155688623 0.072000 0.266467
1 0.03 0.5823353293413174 0.048000 0.242515
1 0.182 0.2694610778443114 0.108000 0.263473
1 0.261 0.09131736526946109 0.070000 0.164671
1 0.311 0.25449101796407186 0.058000 0.071856
1 0.184 0.06137724550898204 0.092000 0.098802
1 0.502 0.2724550898203593 0.044000 0.077844
1 0.602 0.3607784431137725 0.136000 0.314371
1 0.71 0.3787425149700599 0.116000 0.248503
1 0.801 0.3083832335329342 0.070000 0.299401
1 0.889 0.4955089820359282 0.126000 0.673653
1 0.9430000000000001 0.2320359281437126 0.106000 0.212575
0 0.75 0.7709580838323353 0.316000 0.212575
0 0.461 0.6811377245508983 0.390000 0.428144
1 0.189 0.6452095808383234 0.298000 0.446108
