0 0.5275 0.8541666666666666 0.450000 0.163462
1 0.055 0.6314102564102564 0.100000 0.500000
1 0.1775 0.6442307692307692 0.150000 0.564103
1 0.39 0.655448717948718 0.215000 0.195513
1 0.4325 0.6762820512820512 0.180000 0.525641
1 0.59875 0.483974358974359 0.112500 0.532051
1 0.6637500000000001 0.5977564102564102 0.147500 0.599359
1 0.685 0.34775641025641024 0.120000 0.233974
1 0.775 0.516025641025641 0.120000 0.506410
1 0.90625 0.5849358974358975 0.137500 0.618590
1 0.75625 0.22596153846153846 0.117500 0.169872
1 0.07875 0.15865384615384615 0.107500 0.176282
1 0.095 0.22435897435897434 0.070000 0.076923
1 0.07375 0.36538461538461536 0.117500 0.217949
