1 0.154 0.47455089820359286 0.304000 0.931138
1 0.606 0.2035928143712575 0.092000 0.161677
1 0.6900000000000001 0.1631736526946108 0.096000 0.218563
1 0.776 0.23652694610778444 0.112000 0.389222
1 0.854 0.20808383233532934 0.104000 0.398204
1 0.9420000000000001 0.17814371257485032 0.040000 0.170659
1 0.971 0.2949101796407186 0.054000 0.428144
0 0.759 0.6736526946107785 0.278000 0.622754
1 0.682 0.31736526946107785 0.132000 0.119760
0 0.602 0.42664670658682635 0.104000 0.176647
0 0.539 0.49251497005988026 0.190000 0.254491
0 0.461 0.595808383233533 0.218000 0.365269
