1 0.032 0.32122905027932963 0.064000 0.575419
1 0.07 0.11731843575418995 0.060000 0.145251
1 0.147 0.3533519553072626 0.118000 0.583799
1 0.189 0.08798882681564246 0.066000 0.170391
1 0.139 0.036312849162011177 0.038000 0.061453
1 0.326 0.2988826815642458 0.092000 0.513966
1 0.366 0.09497206703910614 0.036000 0.067039
1 0.419 0.30446927374301674 0.090000 0.553073
1 0.522 0.34916201117318435 0.096000 0.564246
1 0.663 0.223463687150838 0.034000 0.273743
0 0.434 0.7639664804469274 0.596000 0.304469
