1 0.052000000000000005 0.125 0.104000 0.250000
0 0.525 0.5910493827160493 0.430000 0.478395
1 0.157 0.10339506172839505 0.098000 0.206790
1 0.213 0.19444444444444442 0.122000 0.216049
1 0.34500000000000003 0.1450617283950617 0.126000 0.253086
1 0.427 0.11574074074074073 0.082000 0.145062
1 0.515 0.35648148148148145 0.194000 0.712963
1 0.614 0.22839506172839505 0.112000 0.351852
1 0.73 0.37191358024691357 0.156000 0.657407
1 0.872 0.41820987654320985 0.144000 0.645062
1 0.979 0.47530864197530864 0.038000 0.462963
