0 0.6201179071481209 0.6992337164750958 0.414886 0.185824
1 0.9056742815033162 0.3783524904214559 0.057480 0.139847
1 0.9812085482682388 0.46024904214559387 0.036109 0.242337
1 0.9778924097273397 0.34913793103448276 0.035372 0.087165
1 0.8507737656595431 0.34051724137931033 0.028740 0.073755
1 0.7166543846720708 0.4511494252873563 0.100958 0.287356
1 0.7932940309506264 0.4947318007662835 0.089167 0.454981
1 0.5921149594694178 0.489463601532567 0.100958 0.346743
1 0.4392041267501842 0.35775862068965514 0.058954 0.215517
1 0.39941046425939575 0.29166666666666663 0.028003 0.069923
1 0.36551215917464996 0.25239463601532564 0.051584 0.085249
1 0.36588061901252766 0.5483716475095786 0.105380 0.545019
1 0.20375829034635226 0.4774904214559387 0.136330 0.711686
1 0.1131171702284451 0.35105363984674326 0.044952 0.182950
1 0.07037582903463523 0.4722222222222222 0.140752 0.752874
