0 0.491 0.44425675675675674 0.338000 0.165541
1 0.15 0.33952702702702703 0.208000 0.442568
1 0.29 0.30292792792792794 0.100000 0.268018
1 0.41200000000000003 0.3372747747747748 0.124000 0.079955
1 0.427 0.26407657657657657 0.126000 0.075450
1 0.515 0.27927927927927926 0.074000 0.207207
1 0.599 0.2927927927927928 0.118000 0.150901
1 0.767 0.4222972972972973 0.218000 0.279279
1 0.933 0.3902027027027027 0.130000 0.244369
1 0.9490000000000001 0.5495495495495496 0.098000 0.072072
1 0.846 0.28322072072072074 0.076000 0.088964
1 0.803 0.22297297297297297 0.102000 0.090090
1 0.6910000000000001 0.2505630630630631 0.134000 0.145270
1 0.723 0.13457207207207206 0.098000 0.082207
