1 0.43250000000000005 0.8020361990950227 0.121667 0.251131
1 0.7883333333333333 0.574660633484163 0.106667 0.407240
1 0.785 0.329185520361991 0.100000 0.101810
1 0.6525000000000001 0.3981900452488688 0.108333 0.203620
1 0.6275000000000001 0.6131221719457014 0.181667 0.253394
1 0.5916666666666667 0.3733031674208145 0.096667 0.144796
1 0.505 0.39366515837104077 0.086667 0.167421
1 0.4191666666666667 0.502262443438914 0.108333 0.239819
1 0.31333333333333335 0.35294117647058826 0.086667 0.153846
1 0.28250000000000003 0.5282805429864253 0.108333 0.228507
1 0.15916666666666668 0.46493212669683265 0.068333 0.278281
0 0.32583333333333336 0.8054298642533937 0.308333 0.321267
