1 0.08671875000000001 0.47764705882352937 0.151563 0.522353
1 0.32656250000000003 0.08352941176470588 0.078125 0.148235
1 0.3296875 0.4658823529411764 0.128125 0.592941
1 0.41015625 0.3188235294117647 0.060938 0.237647
1 0.5265625 0.2164705882352941 0.106250 0.230588
1 0.69921875 0.32941176470588235 0.067187 0.291765
1 0.8148437500000001 0.468235294117647 0.148438 0.607059
1 0.9617187500000001 0.3576470588235294 0.073438 0.461176
1 0.86328125 0.2611764705882353 0.029688 0.103529
1 0.64453125 0.24705882352941175 0.095313 0.235294
1 0.6296875000000001 0.08705882352941176 0.034375 0.103529
1 0.7640625000000001 0.11294117647058823 0.031250 0.080000
1 0.6609375000000001 0.11411764705882352 0.043750 0.063529
1 0.690625 0.051764705882352935 0.068750 0.084706
1 0.7054687500000001 0.12705882352941175 0.067187 0.089412
1 0.79296875 0.07294117647058823 0.029688 0.061176
1 0.8125 0.07999999999999999 0.040625 0.065882
1 0.8390625 0.11058823529411764 0.062500 0.089412
1 0.9484375 0.10941176470588235 0.050000 0.044706
1 0.97578125 0.022352941176470586 0.045313 0.044706
1 0.946875 0.07294117647058823 0.025000 0.065882
1 0.9265625000000001 0.07058823529411765 0.040625 0.065882
1 0.89453125 0.07529411764705882 0.032813 0.042353
0 0.58515625 0.6470588235294117 0.429688 0.701176
