1 0.1716666666666667 0.5552763819095478 0.136667 0.798995
1 0.26666666666666666 0.5452261306532663 0.226667 0.849246
1 0.45 0.5100502512562815 0.120000 0.648241
1 0.5316666666666667 0.20603015075376885 0.056667 0.120603
1 0.555 0.3316582914572864 0.123333 0.331658
1 0.6316666666666667 0.14321608040201006 0.070000 0.115578
1 0.67 0.5552763819095478 0.113333 0.758794
1 0.7733333333333334 0.46984924623115576 0.126667 0.618090
1 0.545 0.6206030150753769 0.136667 0.206030
0 0.5216666666666667 0.8542713567839196 0.490000 0.211055
