1 0.08740234375 0.18856259659969088 0.073242 0.170015
1 0.02294921875 0.2310664605873261 0.032227 0.097372
1 0.48095703125 0.13060278207109738 0.116211 0.162287
1 0.56298828125 0.11978361669242658 0.047852 0.100464
1 0.63330078125 0.06491499227202473 0.051758 0.064915
1 0.681640625 0.10123647604327667 0.072266 0.097372
1 0.75390625 0.0571870170015456 0.050781 0.095827
1 0.78271484375 0.04173106646058732 0.040039 0.077280
1 0.96240234375 0.06105100463678516 0.071289 0.122102
1 0.7802734375 0.4489953632148377 0.412109 0.777434
0 0.2626953125 0.6638330757341576 0.500000 0.557960
0 0.35205078125 0.5757341576506955 0.704102 0.718702
