0 0.32666666666666666 0.846031746031746 0.640000 0.301587
0 0.5466666666666666 0.6492063492063492 0.191111 0.307937
0 0.85 0.6206349206349207 0.237778 0.282540
0 0.7755555555555556 0.4253968253968254 0.208889 0.146032
0 0.8111111111111111 0.33015873015873015 0.208889 0.063492
0 0.7433333333333333 0.28888888888888886 0.144444 0.038095
0 0.7755555555555556 0.25396825396825395 0.080000 0.050794
0 0.6855555555555556 0.25555555555555554 0.100000 0.060317
0 0.6144444444444445 0.25873015873015875 0.064444 0.053968
0 0.5233333333333333 0.35873015873015873 0.206667 0.057143
0 0.4855555555555556 0.3142857142857143 0.157778 0.050794
