1 0.048 0.35054347826086957 0.064000 0.282609
1 0.11900000000000001 0.34103260869565216 0.062000 0.230978
1 0.17 0.25 0.044000 0.097826
1 0.211 0.27989130434782605 0.078000 0.157609
1 0.363 0.19429347826086957 0.098000 0.198370
1 0.49 0.21739130434782608 0.112000 0.233696
1 0.56 0.2921195652173913 0.036000 0.078804
1 0.612 0.28940217391304346 0.072000 0.144022
1 0.673 0.22418478260869565 0.042000 0.067935
1 0.763 0.20244565217391303 0.166000 0.394022
1 0.753 0.5978260869565217 0.394000 0.527174
1 0.492 0.46603260869565216 0.224000 0.317935
1 0.28200000000000003 0.2622282608695652 0.128000 0.160326
1 0.232 0.5747282608695652 0.316000 0.519022
0 0.508 0.7119565217391304 0.272000 0.315217
