0 0.39114391143911437 0.6639118457300276 0.298893 0.336088
0 0.7850553505535055 0.7809917355371901 0.426199 0.393939
1 0.5821033210332103 0.40771349862258954 0.160517 0.754821
1 0.7333948339483395 0.1652892561983471 0.108856 0.330579
1 0.8911439114391143 0.12672176308539945 0.206642 0.253444
1 0.13099630996309963 0.18457300275482094 0.162362 0.369146
1 0.17804428044280443 0.19008264462809918 0.145756 0.314050
1 0.22509225092250923 0.49173553719008267 0.125461 0.818182
1 0.2029520295202952 0.6225895316804408 0.405904 0.749311
1 0.49169741697416974 0.13774104683195593 0.149446 0.275482
