1 0.044326241134751775 0.46648044692737434 0.081560 0.307263
1 0.3333333333333333 0.14804469273743018 0.191489 0.296089
1 0.25354609929078015 0.4776536312849162 0.102837 0.284916
1 0.5443262411347518 0.18156424581005587 0.088652 0.329609
1 0.6790780141843972 0.329608938547486 0.095745 0.234637
1 0.774822695035461 0.24022346368715083 0.088652 0.335196
1 0.9148936170212766 0.26536312849162014 0.106383 0.486034
1 0.6134751773049645 0.38268156424581007 0.070922 0.128492
0 0.7641843971631206 0.6005586592178771 0.457447 0.474860
0 0.3031914893617021 0.4916201117318436 0.570922 0.748603
