0 0.594375 0.5722222222222222 0.386250 0.286667
1 0.800625 0.39111111111111113 0.136250 0.386667
1 0.921875 0.4811111111111111 0.153750 0.957778
0 0.088125 0.5255555555555556 0.176250 0.251111
1 0.180625 0.3844444444444444 0.148750 0.337778
1 0.558125 0.2311111111111111 0.071250 0.462222
1 0.496875 0.2644444444444444 0.071250 0.368889
1 0.264375 0.13 0.071250 0.260000
1 0.11937500000000001 0.13 0.093750 0.260000
1 0.033125 0.06444444444444444 0.028750 0.128889
1 0.01 0.07444444444444444 0.020000 0.148889
1 0.06 0.05555555555555555 0.020000 0.111111
