1 0.9131274131274132 0.2963917525773196 0.104247 0.190722
1 0.7837837837837838 0.3015463917525773 0.108108 0.252577
1 0.6216216216216216 0.3556701030927835 0.146718 0.422680
1 0.5328185328185329 0.29381443298969073 0.077220 0.257732
1 0.4285714285714286 0.2654639175257732 0.123552 0.221649
1 0.3552123552123552 0.16752577319587628 0.077220 0.108247
1 0.3030888030888031 0.4252577319587629 0.096525 0.458763
1 0.28378378378378377 0.16494845360824742 0.065637 0.113402
1 0.17953667953667954 0.384020618556701 0.119691 0.644330
1 0.07335907335907337 0.37371134020618557 0.100386 0.530928
1 0.4343629343629344 0.5128865979381443 0.281853 0.314433
0 0.4092664092664093 0.8273195876288659 0.571429 0.314433
