0 0.5224252491694352 0.7853333333333333 0.433555 0.413333
1 0.38953488372093026 0.572 0.443522 0.765333
1 0.6619601328903655 0.034666666666666665 0.071429 0.069333
1 0.5448504983388704 0.06266666666666666 0.083056 0.125333
1 0.4335548172757475 0.11466666666666667 0.093023 0.229333
1 0.31478405315614616 0.16 0.134551 0.320000
1 0.21096345514950166 0.044 0.036545 0.088000
1 0.19102990033222592 0.09733333333333333 0.096346 0.189333
1 0.12956810631229237 0.14533333333333334 0.136213 0.290667
1 0.0340531561461794 0.16933333333333334 0.068106 0.338667
1 0.050664451827242524 0.424 0.101329 0.421333
