1 0.9 0.2159090909090909 0.151515 0.431818
1 0.6878787878787879 0.12045454545454545 0.248485 0.240909
1 0.5242424242424243 0.10681818181818181 0.163636 0.204545
1 0.23030303030303031 0.14545454545454545 0.327273 0.290909
1 0.18181818181818182 0.32954545454545453 0.157576 0.177273
1 0.3878787878787879 0.10227272727272727 0.109091 0.177273
1 0.13333333333333333 0.7886363636363636 0.254545 0.213636
1 0.11818181818181818 0.5613636363636363 0.236364 0.186364
1 0.1393939393939394 0.5045454545454545 0.181818 0.109091
1 0.4909090909090909 0.3931818181818182 0.533333 0.350000
0 0.703030303030303 0.7204545454545455 0.484848 0.459091
