0 0.45444444444444443 0.685121107266436 0.277778 0.339100
1 0.056666666666666664 0.3373702422145329 0.104444 0.294118
1 0.15444444444444444 0.3737024221453287 0.082222 0.235294
1 0.22666666666666666 0.3944636678200692 0.057778 0.179931
1 0.2911111111111111 0.3719723183391004 0.066667 0.273356
1 0.3711111111111111 0.35986159169550175 0.088889 0.256055
1 0.4866666666666667 0.3737024221453287 0.120000 0.269896
1 0.5833333333333334 0.39273356401384085 0.073333 0.197232
1 0.6311111111111111 0.2906574394463668 0.080000 0.152249
1 0.6466666666666666 0.41868512110726647 0.044444 0.096886
1 0.7577777777777778 0.4948096885813149 0.191111 0.477509
1 0.7933333333333333 0.31314878892733566 0.222222 0.370242
1 0.9311111111111111 0.3771626297577855 0.053333 0.221453
1 0.9766666666666667 0.35294117647058826 0.042222 0.290657
