0 0.5710000000000001 0.6569230769230769 0.234000 0.304615
0 0.838 0.7692307692307693 0.288000 0.344615
1 0.73 0.43538461538461537 0.144000 0.581538
1 0.742 0.19538461538461538 0.136000 0.390769
1 0.903 0.20615384615384616 0.114000 0.412308
1 0.065 0.6153846153846154 0.130000 0.683077
1 0.075 0.20307692307692307 0.150000 0.406154
1 0.466 0.4646153846153846 0.108000 0.492308
1 0.356 0.6461538461538462 0.180000 0.695385
1 0.421 0.2276923076923077 0.098000 0.141538
1 0.40900000000000003 0.16 0.174000 0.307692
