0 0.33906250000000004 0.6400937866354044 0.678125 0.246190
1 0.6921875000000001 0.4208675263774912 0.334375 0.365768
1 0.33046875000000003 0.3927315357561547 0.389063 0.415006
1 0.13671875 0.19460726846424384 0.260937 0.389215
1 0.22890625 0.13071512309495895 0.214063 0.261430
1 0.45703125 0.15826494724501758 0.242188 0.232122
1 0.565625 0.1447831184056272 0.231250 0.289566
1 0.6843750000000001 0.14185228604923797 0.190625 0.283705
1 0.82578125 0.175263774912075 0.229688 0.350528
1 0.9171875 0.16647127784290738 0.146875 0.332943
