1 0.05058823529411764 0.5104166666666666 0.068235 0.587500
1 0.12588235294117647 0.5895833333333333 0.134118 0.812500
1 0.19058823529411764 0.5208333333333334 0.080000 0.733333
1 0.2823529411764706 0.47291666666666665 0.070588 0.512500
1 0.3458823529411764 0.45 0.051765 0.441667
1 0.41882352941176465 0.45416666666666666 0.084706 0.541667
1 0.5011764705882352 0.41041666666666665 0.051765 0.370833
1 0.5576470588235294 0.4270833333333333 0.080000 0.470833
1 0.6235294117647058 0.4166666666666667 0.061176 0.408333
1 0.6952941176470587 0.41041666666666665 0.082353 0.370833
1 0.7670588235294117 0.3854166666666667 0.070588 0.245833
1 0.9635294117647057 0.49374999999999997 0.068235 0.620833
0 0.6211764705882352 0.7854166666666667 0.211765 0.270833
