1 0.9762500000000001 0.08117816091954023 0.042500 0.033046
1 0.93 0.20617816091954022 0.135000 0.191092
1 0.76875 0.22341954022988506 0.197500 0.285920
1 0.62375 0.257183908045977 0.187500 0.232759
1 0.5 0.2406609195402299 0.140000 0.156609
1 0.47000000000000003 0.15301724137931033 0.080000 0.084770
1 0.37 0.2686781609195402 0.100000 0.204023
1 0.19875 0.34123563218390807 0.397500 0.512931
1 0.05625 0.7011494252873564 0.112500 0.103448
1 0.04 0.4403735632183908 0.080000 0.107759
1 0.525 0.43462643678160917 0.345000 0.234195
0 0.67 0.6716954022988506 0.655000 0.288793
