1 0.9736328125 0.17642752562225478 0.050781 0.323572
1 0.9365234375 0.12884333821376281 0.046875 0.169839
1 0.86181640625 0.2730600292825769 0.102539 0.534407
1 0.81884765625 0.03587115666178624 0.032227 0.051245
1 0.72607421875 0.27159590043923865 0.090820 0.513909
1 0.6650390625 0.18667642752562225 0.050781 0.323572
1 0.6337890625 0.08565153733528551 0.042969 0.124451
1 0.59228515625 0.13250366032210836 0.094727 0.265007
1 0.51220703125 0.1603221083455344 0.110352 0.273792
1 0.46337890625 0.19326500732064422 0.069336 0.310395
1 0.36669921875 0.2108345534407028 0.069336 0.281113
1 0.58251953125 0.04978038067349927 0.063477 0.040996
1 0.33447265625 0.1376281112737921 0.049805 0.084919
1 0.248046875 0.35431918008784774 0.128906 0.635432
1 0.291015625 0.11127379209370425 0.035156 0.099561
1 0.1611328125 0.4758418740849195 0.121094 0.325037
1 0.18017578125 0.07686676427525622 0.032227 0.095168
1 0.123046875 0.16691068814055637 0.107422 0.284041
1 0.0703125 0.2796486090775988 0.113281 0.433382
1 0.02880859375 0.2745241581259151 0.057617 0.387994
0 0.5244140625 0.3089311859443631 0.078125 0.128843
0 0.59619140625 0.37481698389458273 0.081055 0.202050
0 0.57568359375 0.6617862371888726 0.545898 0.585652
