0 0.5426229508196722 0.6103286384976526 0.154098 0.253521
1 0.12295081967213115 0.4225352112676056 0.245902 0.845070
1 0.3819672131147541 0.6056338028169014 0.239344 0.450704
1 0.3475409836065574 0.2323943661971831 0.091803 0.464789
1 0.40327868852459015 0.13380281690140847 0.065574 0.239437
1 0.4360655737704918 0.17605633802816903 0.052459 0.352113
1 0.5393442622950819 0.3591549295774648 0.219672 0.258216
1 0.5065573770491804 0.11502347417840376 0.081967 0.230047
1 0.5885245901639344 0.22300469483568075 0.062295 0.436620
1 0.6377049180327868 0.2863849765258216 0.088525 0.516432
1 0.7475409836065574 0.33568075117370894 0.137705 0.643192
1 0.7983606557377049 0.046948356807511735 0.068852 0.093897
1 0.8508196721311475 0.07511737089201878 0.101639 0.140845
1 0.8852459016393442 0.49295774647887325 0.216393 0.976526
