1 0.06842105263157895 0.29721362229102166 0.088421 0.247678
1 0.017894736842105262 0.628482972136223 0.035789 0.343653
1 0.1868421052631579 0.49613003095975233 0.222105 0.787926
1 0.3163157894736842 0.41873065015479877 0.100000 0.323529
1 0.42105263157894735 0.45046439628482976 0.157895 0.368421
1 0.34157894736842104 0.17569659442724458 0.118947 0.218266
1 0.41789473684210526 0.17414860681114552 0.084211 0.119195
1 0.46210526315789474 0.26857585139318885 0.075789 0.091331
1 0.5636842105263158 0.4318885448916409 0.108421 0.263158
1 0.5878947368421052 0.20743034055727555 0.118947 0.232198
1 0.6594736842105263 0.10139318885448917 0.081053 0.116099
1 0.6763157894736842 0.16563467492260062 0.068421 0.111455
1 0.7578947368421053 0.22910216718266255 0.077895 0.216718
1 0.8810526315789473 0.18343653250773995 0.164211 0.339009
0 0.8526315789473684 0.5108359133126935 0.122105 0.207430
0 0.9463157894736842 0.6478328173374613 0.105263 0.301858
0 0.6942105263157895 0.6339009287925697 0.278947 0.202786
0 0.6036842105263158 0.705108359133127 0.683158 0.339009
