0 0.35454545454545455 0.7685810810810811 0.454545 0.456081
1 0.8181818181818181 0.5658783783783784 0.354545 0.489865
1 0.6886363636363636 0.5 0.322727 0.533784
1 0.19999999999999998 0.49662162162162166 0.354545 0.378378
1 0.075 0.6976351351351352 0.150000 0.314189
1 0.1477272727272727 0.15202702702702703 0.295455 0.304054
1 0.3727272727272727 0.25 0.272727 0.493243
1 0.5477272727272727 0.21790540540540543 0.177273 0.429054
1 0.7954545454545454 0.2195945945945946 0.300000 0.439189
1 0.9613636363636363 0.13851351351351351 0.068182 0.270270
