1 0.44140625 0.6548672566371682 0.042188 0.194690
1 0.47578125000000004 0.6079646017699115 0.048438 0.196460
1 0.50390625 0.6132743362831858 0.045313 0.189381
1 0.5437500000000001 0.6088495575221239 0.071875 0.215929
1 0.5921875 0.6265486725663717 0.065625 0.219469
1 0.63203125 0.6283185840707964 0.054688 0.208850
1 0.6796875 0.6300884955752213 0.071875 0.237168
1 0.7562500000000001 0.6327433628318584 0.084375 0.200000
1 0.7234375000000001 0.6123893805309735 0.043750 0.166372
0 0.5593750000000001 0.7256637168141593 0.243750 0.053097
