0 0.4989979959919839 0.66 0.601202 0.378462
1 0.08016032064128256 0.3507692307692308 0.160321 0.701538
1 0.4569138276553106 0.2246153846153846 0.116232 0.449231
1 0.5881763527054108 0.11846153846153847 0.134269 0.236923
1 0.7725450901803607 0.09538461538461539 0.102204 0.190769
1 0.9258517034068136 0.4676923076923077 0.140281 0.818462
1 0.8727454909819639 0.29846153846153844 0.146293 0.596923
1 0.5871743486973947 0.3384615384615385 0.148297 0.264615
1 0.7304609218436873 0.5230769230769231 0.190381 0.676923
1 0.9348697394789578 0.23076923076923078 0.106212 0.461538
