0 0.61 0.7383177570093458 0.331111 0.471963
1 0.12444444444444444 0.3200934579439252 0.195556 0.570093
1 0.21333333333333332 0.30140186915887845 0.137778 0.490654
1 0.38 0.5665887850467289 0.235556 0.385514
1 0.5255555555555556 0.39602803738317754 0.180000 0.273364
1 0.7466666666666667 0.31191588785046725 0.120000 0.436916
1 0.8766666666666667 0.39135514018691586 0.175556 0.651869
1 0.9722222222222222 0.2803738317757009 0.051111 0.378505
1 0.5844444444444444 0.2406542056074766 0.044444 0.130841
1 0.66 0.2394859813084112 0.040000 0.156542
