1 0.66171875 0.28229166666666666 0.067187 0.289583
1 0.7390625000000001 0.2708333333333333 0.050000 0.245833
1 0.2015625 0.31979166666666664 0.056250 0.218750
1 0.1703125 0.24166666666666667 0.025000 0.050000
1 0.26875 0.26875 0.050000 0.095833
1 0.11328125 0.28854166666666664 0.085938 0.227083
1 0.01953125 0.5854166666666667 0.035938 0.083333
1 0.0203125 0.36041666666666666 0.040625 0.125000
0 0.77265625 0.7385416666666667 0.192188 0.339583
0 0.7046875 0.534375 0.146875 0.177083
0 0.47968750000000004 0.54375 0.190625 0.195833
0 0.578125 0.40520833333333334 0.096875 0.106250
0 0.45234375000000004 0.421875 0.167188 0.052083
0 0.41250000000000003 0.396875 0.175000 0.064583
0 0.3921875 0.359375 0.071875 0.060417
0 0.31562500000000004 0.365625 0.084375 0.052083
0 0.23046875 0.5333333333333333 0.317188 0.158333
0 0.20625000000000002 0.4427083333333333 0.231250 0.072917
