0 0.41500000000000004 0.6322188449848024 0.130000 0.085106
1 0.228 0.2948328267477204 0.076000 0.291793
1 0.303 0.34802431610942247 0.078000 0.434650
0 0.41400000000000003 0.3465045592705167 0.076000 0.054711
1 0.513 0.2735562310030395 0.058000 0.297872
1 0.5660000000000001 0.25379939209726443 0.044000 0.203647
1 0.603 0.26595744680851063 0.062000 0.288754
1 0.657 0.30851063829787234 0.082000 0.361702
1 0.715 0.2811550151975684 0.038000 0.325228
1 0.779 0.303951367781155 0.142000 0.516717
1 0.929 0.22492401215805471 0.030000 0.097264
