1 0.958421052631579 0.44051724137931036 0.081053 0.681034
1 0.8542105263157894 0.5112068965517241 0.245263 0.836207
1 0.6663157894736842 0.49913793103448273 0.134737 0.787931
1 0.58 0.39655172413793105 0.096842 0.631034
1 0.49736842105263157 0.453448275862069 0.095789 0.520690
1 0.4168421052631579 0.44310344827586207 0.172632 0.541379
1 0.36894736842105263 0.24568965517241378 0.133684 0.239655
1 0.26789473684210524 0.41379310344827586 0.121053 0.613793
1 0.21789473684210525 0.34051724137931033 0.107368 0.587931
1 0.12631578947368421 0.506896551724138 0.160000 0.817241
0 0.3863157894736842 0.8068965517241379 0.372632 0.186207
1 0.014736842105263158 0.4077586206896552 0.029474 0.343103
