0 0.31589147286821706 0.6470588235294117 0.445736 0.556150
0 0.7325581395348837 0.7593582887700534 0.511628 0.310160
1 0.9670542635658914 0.1657754010695187 0.058140 0.331551
1 0.8391472868217054 0.10427807486631016 0.135659 0.208556
1 0.6666666666666666 0.0855614973262032 0.124031 0.171123
1 0.49224806201550386 0.21122994652406415 0.162791 0.422460
1 0.39341085271317827 0.36631016042780745 0.120155 0.732620
1 0.26744186046511625 0.27807486631016043 0.232558 0.502674
1 0.3275193798449612 0.25133689839572193 0.120155 0.502674
1 0.18604651162790697 0.06684491978609625 0.077519 0.122995
1 0.07364341085271317 0.43582887700534756 0.147287 0.871658
