0 0.07712765957446809 0.8569405099150142 0.154255 0.263456
0 0.274822695035461 0.8611898016997167 0.283688 0.271955
1 0.018617021276595744 0.4943342776203966 0.037234 0.405099
1 0.11347517730496454 0.5226628895184137 0.056738 0.382436
1 0.16666666666666666 0.415014164305949 0.060284 0.223796
1 0.25354609929078015 0.4929178470254958 0.099291 0.441926
1 0.25354609929078015 0.754957507082153 0.106383 0.484419
1 0.36436170212765956 0.7124645892351276 0.179078 0.569405
1 0.5292553191489362 0.7322946175637394 0.221631 0.529745
1 0.3625886524822695 0.358356940509915 0.069149 0.206799
1 0.4086879432624113 0.3810198300283286 0.069149 0.235127
1 0.5141843971631206 0.34985835694050993 0.127660 0.229462
1 0.6382978723404256 0.4957507082152975 0.056738 0.113314
1 0.6932624113475178 0.7067988668555241 0.148936 0.580737
1 0.8404255319148936 0.6883852691218131 0.156028 0.617564
1 0.7349290780141844 0.33994334277620397 0.062057 0.152975
1 0.801418439716312 0.3526912181303116 0.081560 0.269122
1 0.9095744680851063 0.4348441926345609 0.095745 0.365439
