1 0.859 0.2535211267605634 0.074000 0.214085
1 0.757 0.5070422535211268 0.142000 0.969014
1 0.6970000000000001 0.11690140845070424 0.066000 0.233803
1 0.66 0.14366197183098592 0.048000 0.146479
1 0.638 0.3126760563380282 0.048000 0.405634
1 0.585 0.27605633802816903 0.078000 0.400000
1 0.46 0.21126760563380284 0.092000 0.208451
1 0.358 0.23943661971830987 0.060000 0.208451
1 0.261 0.2859154929577465 0.054000 0.205634
1 0.124 0.31690140845070425 0.052000 0.267606
1 0.437 0.3267605633802817 0.118000 0.095775
1 0.492 0.47887323943661975 0.184000 0.208451
1 0.329 0.43802816901408453 0.134000 0.138028
0 0.395 0.6394366197183099 0.262000 0.253521
