1 0.06 0.3067226890756302 0.100000 0.588235
1 0.13875 0.25210084033613445 0.057500 0.462185
1 0.19 0.07563025210084033 0.105000 0.151261
1 0.19125 0.46428571428571425 0.077500 0.626050
1 0.2475 0.4579831932773109 0.075000 0.638655
1 0.33 0.40336134453781514 0.100000 0.680672
1 0.37125 0.1722689075630252 0.062500 0.201681
1 0.365 0.05672268907563025 0.050000 0.096639
1 0.41125 0.058823529411764705 0.057500 0.117647
1 0.44125000000000003 0.39285714285714285 0.092500 0.567227
1 0.5475 0.49159663865546216 0.105000 0.655462
1 0.47250000000000003 0.06512605042016806 0.075000 0.105042
1 0.5475 0.11554621848739495 0.055000 0.088235
1 0.6950000000000001 0.32983193277310924 0.110000 0.584034
1 0.72875 0.07773109243697479 0.052500 0.121849
1 0.77875 0.2815126050420168 0.097500 0.478992
1 0.8025 0.09033613445378151 0.055000 0.113445
1 0.8425 0.13445378151260504 0.050000 0.193277
1 0.88125 0.17857142857142858 0.072500 0.121849
1 0.8875000000000001 0.42436974789915966 0.055000 0.344538
1 0.9525 0.3445378151260504 0.090000 0.630252
0 0.57625 0.6974789915966386 0.397500 0.268908
