1 0.11166666666666668 0.5740740740740741 0.166667 0.641026
1 0.3091666666666667 0.39886039886039887 0.125000 0.712251
1 0.4091666666666667 0.4971509971509972 0.301667 0.316239
1 0.5850000000000001 0.4928774928774929 0.096667 0.763533
1 0.6933333333333334 0.49430199430199434 0.136667 0.806268
1 0.89 0.5455840455840456 0.210000 0.715100
0 0.3766666666666667 0.7877492877492878 0.323333 0.293447
1 0.805 0.37321937321937326 0.066667 0.245014
1 0.45333333333333337 0.349002849002849 0.086667 0.236467
1 0.21583333333333335 0.3817663817663818 0.088333 0.250712
