0 0.4225543478260869 0.5781818181818181 0.269022 0.272727
1 0.7214673913043478 0.6309090909090909 0.432065 0.418182
1 0.7065217391304348 0.21636363636363637 0.277174 0.432727
1 0.4157608695652174 0.04090909090909091 0.048913 0.081818
1 0.3383152173913043 0.06545454545454546 0.182065 0.130909
1 0.2622282608695652 0.07 0.149457 0.140000
1 0.26358695652173914 0.5036363636363637 0.527174 0.807273
1 0.2554347826086956 0.48363636363636364 0.358696 0.410909
1 0.9171195652173912 0.13363636363636364 0.160326 0.267273
1 0.5040760869565217 0.08454545454545455 0.062500 0.092727
1 0.11956521739130435 0.06454545454545454 0.103261 0.100000
