0 0.5305084745762711 0.8167420814479639 0.322034 0.357466
1 0.9152542372881356 0.27828054298642535 0.067797 0.420814
1 0.8050847457627118 0.414027149321267 0.200000 0.828054
1 0.7254237288135593 0.12895927601809956 0.061017 0.122172
1 0.6610169491525424 0.3416289592760181 0.149153 0.583710
1 0.5745762711864406 0.29638009049773756 0.091525 0.583710
1 0.4661016949152542 0.36651583710407243 0.132203 0.515837
1 0.37796610169491524 0.2918552036199095 0.084746 0.321267
1 0.22203389830508474 0.38687782805429866 0.220339 0.457014
1 0.3338983050847458 0.7217194570135748 0.227119 0.529412
