0 0.2323529411764706 0.4607843137254902 0.213725 0.254902
0 0.6950980392156862 0.6120448179271709 0.245098 0.159664
1 0.12549019607843137 0.32633053221288516 0.078431 0.338936
1 0.20294117647058824 0.17507002801120447 0.029412 0.086835
1 0.24313725490196078 0.211484593837535 0.058824 0.103641
1 0.37941176470588234 0.3949579831932773 0.123529 0.280112
1 0.5215686274509804 0.34173669467787116 0.058824 0.145658
1 0.6862745098039216 0.4411764705882353 0.168627 0.355742
1 0.8647058823529412 0.4789915966386555 0.137255 0.442577
1 0.8156862745098039 0.24509803921568626 0.054902 0.092437
