0 0.576271186440678 0.8454545454545455 0.421308 0.261818
1 0.7627118644067797 0.8045454545454546 0.455206 0.387273
1 0.8958837772397095 0.31636363636363635 0.198547 0.632727
1 0.7106537530266345 0.32181818181818184 0.181598 0.643636
1 0.5520581113801453 0.2827272727272727 0.217918 0.565455
1 0.2990314769975787 0.15 0.239709 0.274545
1 0.36077481840193704 0.33090909090909093 0.159806 0.152727
1 0.3801452784503632 0.5690909090909091 0.266344 0.327273
1 0.1961259079903148 0.6645454545454546 0.392252 0.667273
1 0.09322033898305085 0.24636363636363637 0.186441 0.492727
