0 0.5357142857142857 0.6847290640394089 0.381988 0.610837
1 0.2826086956521739 0.5566502463054187 0.329193 0.866995
1 0.09006211180124223 0.33497536945812806 0.180124 0.640394
1 0.281055900621118 0.17733990147783252 0.208075 0.344828
1 0.5698757763975155 0.4729064039408867 0.257764 0.709360
1 0.5217391304347826 0.046798029556650245 0.105590 0.093596
1 0.6133540372670807 0.03694581280788178 0.059006 0.073892
1 0.7375776397515528 0.26108374384236455 0.251553 0.433498
1 0.8245341614906831 0.5073891625615764 0.344720 0.768473
1 0.9301242236024844 0.10837438423645321 0.133540 0.206897
