1 0.15548098434004473 0.4984939759036145 0.252796 0.996988
1 0.22483221476510068 0.286144578313253 0.078300 0.367470
1 0.5279642058165548 0.4593373493975904 0.178971 0.153614
1 0.3131991051454139 0.5602409638554218 0.120805 0.325301
1 0.7539149888143176 0.5481927710843374 0.192394 0.445783
1 0.5503355704697986 0.20783132530120482 0.143177 0.319277
1 0.7695749440715883 0.22289156626506026 0.120805 0.307229
1 0.901565995525727 0.3569277108433735 0.111857 0.593373
1 0.9619686800894854 0.588855421686747 0.071588 0.581325
1 0.42393736017897093 0.7816265060240964 0.217002 0.418675
0 0.5682326621923938 0.7409638554216867 0.237136 0.512048
