1 0.19215686274509802 0.18783068783068782 0.086275 0.153439
1 0.14509803921568626 0.49206349206349204 0.133333 0.571429
1 0.2823529411764706 0.37566137566137564 0.109804 0.444444
1 0.3803921568627451 0.43915343915343913 0.117647 0.486772
1 0.45098039215686275 0.5291005291005291 0.141176 0.582011
1 0.8137254901960784 0.6375661375661376 0.121569 0.322751
1 0.707843137254902 0.24338624338624337 0.160784 0.444444
1 0.8411764705882353 0.15079365079365079 0.105882 0.280423
0 0.7372549019607844 0.2962962962962963 0.400000 0.275132
0 0.24705882352941178 0.7275132275132274 0.400000 0.248677
