1 0.056 0.09161490683229813 0.084000 0.177019
1 0.122 0.20807453416149066 0.152000 0.329193
1 0.255 0.23136645962732919 0.126000 0.363354
1 0.369 0.12267080745341614 0.106000 0.208075
1 0.528 0.09627329192546583 0.104000 0.173913
1 0.494 0.05124223602484472 0.080000 0.102484
1 0.833 0.37267080745341613 0.150000 0.745342
1 0.961 0.3664596273291925 0.074000 0.732919
1 0.926 0.20962732919254656 0.036000 0.350932
1 0.685 0.4409937888198757 0.262000 0.875776
1 0.506 0.2888198757763975 0.200000 0.341615
1 0.441 0.5900621118012422 0.214000 0.552795
0 0.582 0.6956521739130435 0.824000 0.447205
