0 0.3795180722891566 0.8227272727272726 0.246988 0.345455
1 0.16265060240963855 0.23409090909090907 0.072289 0.450000
1 0.24096385542168675 0.22954545454545452 0.144578 0.459091
1 0.29518072289156627 0.0659090909090909 0.042169 0.131818
1 0.4036144578313253 0.2318181818181818 0.126506 0.463636
1 0.5225903614457832 0.2727272727272727 0.111446 0.472727
1 0.6701807228915663 0.5022727272727272 0.141566 0.813636
1 0.6566265060240964 0.056818181818181816 0.084337 0.077273
1 0.8072289156626506 0.44090909090909086 0.138554 0.636364
1 0.911144578313253 0.3045454545454545 0.123494 0.336364
