1 0.09416666666666668 0.33 0.165000 0.520000
1 0.21166666666666667 0.09875 0.166667 0.197500
1 0.07333333333333333 0.035 0.100000 0.070000
1 0.020833333333333336 0.09125 0.041667 0.147500
1 0.39416666666666667 0.09125 0.171667 0.167500
1 0.3641666666666667 0.24375 0.185000 0.272500
1 0.49500000000000005 0.0425 0.086667 0.085000
1 0.5850000000000001 0.095 0.170000 0.185000
1 0.6491666666666667 0.31125 0.278333 0.357500
1 0.6858333333333334 0.035 0.065000 0.065000
1 0.755 0.13 0.116667 0.235000
1 0.9233333333333333 0.06875 0.150000 0.127500
1 0.9166666666666667 0.32375 0.163333 0.502500
0 0.4808333333333334 0.5925 0.611667 0.415000
