1 0.7055921052631579 0.21710526315789472 0.095395 0.302632
1 0.8618421052631579 0.2149122807017544 0.059211 0.429825
1 0.8322368421052632 0.15350877192982454 0.078947 0.289474
1 0.7927631578947368 0.11184210526315788 0.046053 0.153509
1 0.7549342105263157 0.09649122807017543 0.069079 0.140351
1 0.5970394736842105 0.16666666666666666 0.121711 0.175439
1 0.5592105263157895 0.36622807017543857 0.184211 0.250000
1 0.7615131578947368 0.5548245614035088 0.207237 0.399123
1 0.5180921052631579 0.6885964912280701 0.207237 0.394737
0 0.5180921052631579 0.712719298245614 0.398026 0.258772
