0 0.386 0.7623626373626374 0.444000 0.310440
1 0.97 0.2843406593406594 0.056000 0.282967
1 0.851 0.43543956043956045 0.246000 0.689560
1 0.794 0.2925824175824176 0.108000 0.398352
1 0.6880000000000001 0.37500000000000006 0.152000 0.629121
1 0.583 0.32142857142857145 0.094000 0.384615
1 0.55 0.25412087912087916 0.080000 0.359890
1 0.485 0.25137362637362637 0.050000 0.420330
1 0.447 0.13324175824175824 0.030000 0.101648
1 0.427 0.3118131868131868 0.062000 0.497253
1 0.39 0.3310439560439561 0.188000 0.546703
1 0.273 0.282967032967033 0.134000 0.483516
1 0.131 0.2884615384615385 0.130000 0.538462
1 0.082 0.3626373626373627 0.156000 0.703297
1 0.032 0.5274725274725275 0.064000 0.230769
