1 0.375 0.2275693311582382 0.142000 0.203915
1 0.763 0.25774877650897227 0.098000 0.208809
1 0.799 0.43148450244698205 0.094000 0.141925
1 0.811 0.5570962479608483 0.094000 0.128874
1 0.8300000000000001 0.7292006525285482 0.112000 0.257749
1 0.736 0.6712887438825449 0.084000 0.200653
1 0.508 0.7528548123980424 0.128000 0.223491
1 0.5730000000000001 0.32952691680261015 0.086000 0.097879
1 0.47800000000000004 0.3099510603588907 0.036000 0.039152
1 0.461 0.41924959216965746 0.082000 0.182708
1 0.322 0.3866231647634584 0.080000 0.101142
1 0.28400000000000003 0.5579119086460033 0.080000 0.212072
1 0.377 0.6060358890701468 0.066000 0.223491
1 0.5640000000000001 0.45595432300163136 0.112000 0.154976
0 0.6 0.5693311582381729 0.232000 0.127243
