1 0.7518703241895262 0.31163708086785014 0.077307 0.086785
1 0.8628428927680798 0.37771203155818545 0.134663 0.203156
1 0.9064837905236908 0.31262327416173574 0.042394 0.057199
1 0.9501246882793017 0.2869822485207101 0.044888 0.053254
1 0.35286783042394015 0.5759368836291914 0.231920 0.295858
1 0.7518703241895262 0.5325443786982249 0.291771 0.355030
0 0.5673316708229427 0.6755424063116371 0.281796 0.258383
1 0.11346633416458853 0.49901380670611445 0.226933 0.998028
1 0.4239401496259351 0.26232741617357 0.074813 0.063116
1 0.286783042394015 0.21301775147928995 0.074813 0.047337
