1 0.125 0.2552083333333333 0.234375 0.481250
1 0.287890625 0.13697916666666665 0.114844 0.257292
1 0.39921875 0.065625 0.051563 0.118750
1 0.531640625 0.20833333333333334 0.217969 0.410417
1 0.6671875 0.0703125 0.056250 0.132292
1 0.8093750000000001 0.13229166666666667 0.243750 0.256250
1 0.7718750000000001 0.4239583333333333 0.339063 0.383333
1 0.35664062500000004 0.43906249999999997 0.299219 0.582292
1 0.6062500000000001 0.8770833333333333 0.346875 0.243750
0 0.5085937500000001 0.6973958333333333 0.407813 0.601042
