0 0.35833333333333334 0.696319018404908 0.275926 0.233129
1 0.1851851851851852 0.48619631901840493 0.107407 0.432515
1 0.27685185185185185 0.5061349693251533 0.079630 0.539877
1 0.35555555555555557 0.5414110429447853 0.103704 0.549080
1 0.1398148148148148 0.38190184049079756 0.035185 0.052147
1 0.015740740740740743 0.39723926380368096 0.031481 0.070552
1 0.49259259259259264 0.35736196319018404 0.059259 0.144172
1 0.5981481481481482 0.48619631901840493 0.103704 0.457055
1 0.6925925925925926 0.33588957055214724 0.048148 0.070552
1 0.6944444444444444 0.3941717791411043 0.048148 0.052147
1 0.7694444444444445 0.34355828220858897 0.053704 0.092025
1 0.8101851851851852 0.4723926380368098 0.094444 0.411043
1 0.9 0.38803680981595096 0.029630 0.058282
1 0.9333333333333333 0.36042944785276076 0.029630 0.113497
1 0.8324074074074075 0.2223926380368098 0.042593 0.088957
