1 0.28229166666666666 0.6694444444444445 0.383333 0.657407
1 0.27291666666666664 0.4481481481481482 0.143750 0.548148
1 0.4473958333333333 0.6907407407407408 0.330208 0.525926
1 0.7203125 0.7425925925925926 0.346875 0.511111
1 0.41822916666666665 0.3092592592592593 0.157292 0.366667
1 0.5104166666666666 0.5518518518518519 0.112500 0.400000
1 0.5359375 0.24166666666666667 0.103125 0.316667
1 0.6453125 0.3925925925925926 0.130208 0.262963
1 0.753125 0.23796296296296296 0.166667 0.375926
1 0.9307291666666666 0.10555555555555556 0.107292 0.185185
