0 0.6063636363636363 0.6828103683492497 0.674545 0.236016
1 0.024545454545454544 0.15211459754433834 0.045455 0.170532
1 0.07818181818181819 0.23601637107776263 0.141818 0.379263
1 0.17909090909090908 0.2557980900409277 0.165455 0.476126
1 0.26 0.1296043656207367 0.112727 0.223738
1 0.5109090909090909 0.1077762619372442 0.029091 0.043656
1 0.5409090909090909 0.11800818553888132 0.030909 0.039563
1 0.5772727272727273 0.11118690313778991 0.030909 0.053206
1 0.6709090909090909 0.14256480218281037 0.138182 0.206003
1 0.81 0.1364256480218281 0.132727 0.221010
1 0.8854545454545455 0.4583901773533424 0.225455 0.873124
1 0.5690909090909091 0.616643929058663 0.687273 0.763984
