0 0.4966101694915254 0.7058823529411765 0.227119 0.271493
1 0.04576271186440678 0.46153846153846156 0.091525 0.361991
1 0.16271186440677965 0.5610859728506787 0.108475 0.425339
1 0.24915254237288134 0.5588235294117647 0.118644 0.520362
1 0.36101694915254234 0.5294117647058824 0.118644 0.389140
1 0.47627118644067795 0.5067873303167422 0.091525 0.343891
1 0.6067796610169491 0.4321266968325792 0.047458 0.140271
1 0.6508474576271186 0.4457013574660634 0.047458 0.113122
1 0.8627118644067796 0.5361990950226245 0.118644 0.447964
1 0.6050847457627119 0.660633484162896 0.118644 0.208145
