1 0.6666666666666667 0.41875 0.563333 0.502500
1 0.25333333333333335 0.368125 0.506667 0.546250
1 0.14166666666666666 0.09125 0.283333 0.170000
1 0.35000000000000003 0.23625000000000002 0.286667 0.295000
1 0.7141666666666667 0.160625 0.345000 0.321250
1 0.44083333333333335 0.11875000000000001 0.245000 0.237500
1 0.8008333333333334 0.10312500000000001 0.188333 0.206250
1 0.9566666666666668 0.245625 0.083333 0.158750
1 0.09083333333333334 0.49062500000000003 0.181667 0.163750
0 0.47750000000000004 0.654375 0.725000 0.688750
