1 0.8682539682539683 0.25 0.079365 0.250000
1 0.9301587301587302 0.325 0.076190 0.175000
1 0.7984126984126985 0.496875 0.193651 0.418750
1 0.7428571428571429 0.19375 0.101587 0.212500
1 0.5873015873015873 0.321875 0.088889 0.256250
1 0.49523809523809526 0.284375 0.069841 0.343750
1 0.3984126984126984 0.446875 0.092063 0.693750
1 0.33650793650793653 0.15937500000000002 0.050794 0.118750
1 0.30317460317460315 0.5437500000000001 0.104762 0.562500
1 0.23333333333333334 0.28125 0.117460 0.412500
1 0.06031746031746032 0.290625 0.050794 0.168750
1 0.5841269841269842 0.540625 0.082540 0.168750
1 0.47619047619047616 0.6375000000000001 0.120635 0.362500
0 0.6126984126984127 0.75 0.190476 0.312500
