1 0.09444444444444444 0.27247191011235955 0.159259 0.477528
1 0.4351851851851852 0.199438202247191 0.159259 0.353933
1 0.512962962962963 0.10674157303370786 0.107407 0.202247
1 0.5592592592592592 0.30617977528089885 0.177778 0.455056
1 0.6833333333333333 0.398876404494382 0.196296 0.528090
1 0.8907407407407407 0.46629213483146065 0.211111 0.651685
1 0.9611111111111111 0.20786516853932585 0.070370 0.292135
1 0.8407407407407408 0.17134831460674158 0.185185 0.331461
1 0.6611111111111111 0.14325842696629212 0.181481 0.286517
0 0.2740740740740741 0.8258426966292135 0.340741 0.325843
