1 0.07624633431085044 0.6431818181818182 0.152493 0.686364
1 0.2961876832844575 0.6363636363636364 0.152493 0.718182
1 0.18035190615835778 0.6318181818181818 0.073314 0.209091
1 0.38269794721407624 0.7545454545454545 0.137830 0.245455
1 0.5601173020527859 0.48636363636363633 0.058651 0.345455
1 0.7565982404692082 0.6863636363636363 0.134897 0.600000
1 0.9090909090909091 0.5818181818181818 0.058651 0.363636
1 0.9208211143695014 0.3818181818181818 0.041056 0.090909
1 0.8357771260997068 0.47045454545454546 0.099707 0.395455
1 0.7404692082111437 0.35909090909090907 0.079179 0.127273
1 0.6979472140762464 0.46818181818181814 0.041056 0.290909
1 0.5073313782991202 0.3840909090909091 0.041056 0.213636
1 0.45894428152492667 0.4340909090909091 0.073314 0.350000
1 0.4032258064516129 0.43636363636363634 0.061584 0.300000
0 0.21114369501466276 0.8136363636363636 0.082111 0.209091
