0 0.5956375838926175 0.8279816513761469 0.285235 0.224771
1 0.2046979865771812 0.5298165137614679 0.147651 0.692661
1 0.16275167785234898 0.555045871559633 0.110738 0.633028
1 0.2919463087248322 0.555045871559633 0.127517 0.678899
1 0.4261744966442953 0.5344036697247707 0.134228 0.683486
1 0.4815436241610738 0.5596330275229358 0.117450 0.660550
1 0.5218120805369127 0.5848623853211009 0.184564 0.711009
1 0.7130872483221476 0.573394495412844 0.117450 0.678899
1 0.7063758389261745 0.6055045871559633 0.211409 0.678899
1 0.8959731543624161 0.7041284403669725 0.174497 0.518349
