0 0.46782841823056304 0.635 0.833780 0.570000
1 0.25603217158176944 0.195 0.184987 0.226000
1 0.09383378016085792 0.263 0.176944 0.198000
1 0.03753351206434316 0.561 0.075067 0.246000
1 0.0777479892761394 0.094 0.155496 0.188000
1 0.2962466487935657 0.124 0.131367 0.244000
1 0.4262734584450402 0.075 0.166220 0.142000
1 0.5080428954423593 0.23500000000000001 0.168901 0.182000
1 0.5817694369973191 0.08700000000000001 0.155496 0.162000
1 0.6863270777479893 0.199 0.139410 0.346000
1 0.8954423592493298 0.28700000000000003 0.139410 0.366000
1 0.9517426273458445 0.417 0.091153 0.418000
1 0.9276139410187668 0.082 0.139410 0.160000
1 0.7935656836461126 0.047 0.134048 0.094000
