0 0.46574074074074073 0.662962962962963 0.440741 0.395062
1 0.24583333333333335 0.3932098765432099 0.239815 0.374074
1 0.4287037037037037 0.4154320987654321 0.172222 0.383951
1 0.5962962962962963 0.4802469135802469 0.242593 0.375309
1 0.7768518518518519 0.7203703703703703 0.444444 0.551852
1 0.8717592592592593 0.5259259259259259 0.254630 0.400000
1 0.14537037037037037 0.49691358024691357 0.290741 0.988889
1 0.6319444444444444 0.03333333333333333 0.026852 0.066667
1 0.6583333333333333 0.03333333333333333 0.027778 0.066667
1 0.6773148148148148 0.03271604938271605 0.025000 0.065432
