1 0.08 0.3469945355191257 0.160000 0.661202
1 0.1290909090909091 0.24863387978142076 0.178182 0.497268
1 0.19818181818181818 0.20218579234972678 0.127273 0.404372
1 0.2581818181818182 0.16666666666666666 0.087273 0.333333
1 0.34545454545454546 0.18579234972677597 0.087273 0.371585
1 0.4490909090909091 0.21584699453551912 0.134545 0.431694
1 0.56 0.18032786885245902 0.116364 0.360656
1 0.6927272727272727 0.15300546448087432 0.185455 0.306011
1 0.8163636363636364 0.2185792349726776 0.105455 0.437158
1 0.9254545454545454 0.43989071038251365 0.127273 0.868852
1 0.9418181818181818 0.9480874316939891 0.087273 0.092896
1 0.6981818181818182 0.505464480874317 0.218182 0.519126
0 0.4636363636363636 0.6065573770491803 0.316364 0.480874
