0 0.6205357142857143 0.75 0.229167 0.242268
1 0.025297619047619048 0.32216494845360827 0.050595 0.427835
1 0.11607142857142856 0.15721649484536082 0.041667 0.097938
1 0.22023809523809523 0.5515463917525774 0.267857 0.886598
1 0.4583333333333333 0.32989690721649484 0.148810 0.536082
1 0.5208333333333333 0.25773195876288657 0.053571 0.247423
1 0.6339285714285714 0.3556701030927835 0.125000 0.536082
1 0.8125 0.6520618556701031 0.285714 0.582474
1 0.7842261904761905 0.2268041237113402 0.092262 0.195876
1 0.9523809523809523 0.20618556701030927 0.089286 0.216495
