0 0.21660649819494585 0.6213872832369942 0.324910 0.202312
0 0.5631768953068592 0.6242774566473989 0.209386 0.393064
0 0.7274368231046932 0.6560693641618497 0.220217 0.421965
1 0.8790613718411553 0.453757225433526 0.155235 0.606936
1 0.7779783393501806 0.36705202312138724 0.119134 0.375723
1 0.7472924187725632 0.361271676300578 0.057762 0.225434
1 0.684115523465704 0.3497109826589595 0.061372 0.225434
1 0.6137184115523466 0.3699421965317919 0.072202 0.219653
1 0.3068592057761733 0.46531791907514447 0.144404 0.248555
1 0.41155234657039713 0.3352601156069364 0.086643 0.277457
1 0.0631768953068592 0.34393063583815026 0.090253 0.352601
1 0.3574007220216607 0.11849710982658959 0.050542 0.156069
