0 0.5766773162939298 0.7373188405797102 0.567625 0.344203
1 0.2949946751863685 0.5045289855072463 0.240682 0.519928
1 0.13258785942492013 0.6068840579710145 0.228967 0.561594
1 0.03407880724174654 0.384963768115942 0.068158 0.211957
1 0.0415335463258786 0.19655797101449277 0.076677 0.393116
1 0.170926517571885 0.20199275362318841 0.162939 0.403986
1 0.32800851970181044 0.22644927536231885 0.166134 0.452899
1 0.5809371671991481 0.1793478260869565 0.135250 0.358696
1 0.7087326943556976 0.17391304347826086 0.107561 0.347826
1 0.8120340788072419 0.23822463768115942 0.175719 0.476449
1 0.9046858359957403 0.2545289855072464 0.145900 0.509058
1 0.9664536741214058 0.2798913043478261 0.064963 0.559783
