0 0.6469957081545065 0.6390728476821192 0.457082 0.695364
1 0.047210300429184546 0.16556291390728478 0.094421 0.331126
1 0.3143776824034335 0.1076158940397351 0.105150 0.215232
1 0.43776824034334766 0.024834437086092714 0.090129 0.049669
1 0.4291845493562232 0.2731788079470199 0.210300 0.433775
1 0.6684549356223176 0.057947019867549666 0.092275 0.115894
1 0.8175965665236051 0.056291390728476824 0.064378 0.112583
1 0.8851931330472103 0.30960264900662254 0.062232 0.228477
1 0.9302575107296137 0.2980132450331126 0.135193 0.596026
1 0.8798283261802575 0.8211920529801324 0.236052 0.350993
1 0.4721030042918455 0.4652317880794702 0.390558 0.692053
