1 0.047 0.47927461139896377 0.078000 0.398964
1 0.11 0.483160621761658 0.072000 0.432642
1 0.17400000000000002 0.38082901554404147 0.068000 0.139896
1 0.262 0.550518134715026 0.308000 0.665803
1 0.366 0.3160621761658031 0.056000 0.108808
1 0.428 0.2823834196891192 0.036000 0.077720
1 0.464 0.5401554404145078 0.324000 0.702073
1 0.558 0.3160621761658031 0.076000 0.113990
1 0.662 0.5699481865284974 0.324000 0.782383
1 0.812 0.5129533678756477 0.120000 0.559585
1 0.891 0.5090673575129534 0.142000 0.582902
