0 0.3390909090909091 0.7075242718446602 0.678182 0.580097
1 0.9181818181818182 0.3228155339805825 0.160000 0.635922
1 0.8672727272727273 0.22694174757281552 0.112727 0.453883
1 0.8036363636363636 0.14441747572815533 0.080000 0.288835
1 0.6863636363636364 0.18203883495145629 0.132727 0.364078
1 0.5081818181818182 0.20024271844660194 0.180000 0.400485
1 0.38181818181818183 0.12257281553398057 0.087273 0.245146
1 0.27636363636363637 0.15898058252427183 0.098182 0.317961
1 0.17636363636363636 0.16262135922330095 0.098182 0.325243
1 0.08818181818181818 0.2245145631067961 0.161818 0.449029
