0 0.3625 0.6722903885480573 0.115000 0.111452
0 0.56425 0.6441717791411044 0.088500 0.218814
0 0.0675 0.6114519427402864 0.050000 0.114519
0 0.186 0.6017382413087935 0.051000 0.187117
0 0.23825000000000002 0.6334355828220859 0.057500 0.162577
0 0.28450000000000003 0.6411042944785277 0.037000 0.130879
1 0.0655 0.4125766871165645 0.018000 0.095092
1 0.08625000000000001 0.5373210633946831 0.040500 0.289366
1 0.11375 0.5408997955010225 0.055500 0.404908
1 0.1525 0.4800613496932516 0.044000 0.213701
1 0.47600000000000003 0.5679959100204499 0.046000 0.432515
1 0.5045000000000001 0.5679959100204499 0.031000 0.342536
1 0.62225 0.5296523517382413 0.057500 0.335378
1 0.66625 0.5291411042944786 0.071500 0.393661
1 0.7195 0.44376278118609414 0.018000 0.210634
1 0.73625 0.47137014314928427 0.023500 0.200409
1 0.73725 0.36656441717791416 0.008500 0.043967
1 0.75675 0.45961145194274033 0.022500 0.223926
1 0.7967500000000001 0.5352760736196319 0.046500 0.193252
1 0.82575 0.4120654396728017 0.026500 0.173824
1 0.85575 0.4800613496932516 0.058500 0.352761
1 0.9127500000000001 0.5700408997955011 0.076500 0.424335
1 0.9842500000000001 0.4795501022494888 0.024500 0.339468
