0 0.37714285714285717 0.7905982905982907 0.245714 0.213675
0 0.5571428571428572 0.5876068376068376 0.222857 0.141026
0 0.8171428571428572 0.7884615384615385 0.302857 0.166667
0 0.8514285714285714 0.7072649572649573 0.268571 0.149573
0 0.8371428571428572 0.6260683760683762 0.262857 0.141026
0 0.8742857142857143 0.5747863247863249 0.222857 0.115385
0 0.8342857142857143 0.5128205128205129 0.205714 0.102564
0 0.8071428571428572 0.4401709401709402 0.191429 0.076923
0 0.5757142857142857 0.5170940170940171 0.202857 0.076923
0 0.5857142857142857 0.4658119658119659 0.171429 0.068376
0 0.6114285714285714 0.4273504273504274 0.165714 0.085470
0 0.61 0.3803418803418804 0.134286 0.102564
0 0.3942857142857143 0.5170940170940171 0.171429 0.102564
0 0.47 0.39743589743589747 0.145714 0.076923
0 0.4142857142857143 0.33760683760683763 0.154286 0.094017
0 0.21 0.2799145299145299 0.117143 0.106838
