0 0.7082324455205812 0.6958333333333333 0.181598 0.391667
1 0.03389830508474576 0.4583333333333333 0.067797 0.425000
1 0.07627118644067797 0.3625 0.142857 0.441667
1 0.10774818401937046 0.16666666666666666 0.041162 0.141667
1 0.17312348668280872 0.34791666666666665 0.118644 0.420833
1 0.24818401937046006 0.3208333333333333 0.094431 0.391667
1 0.3329297820823245 0.2604166666666667 0.055690 0.245833
1 0.4176755447941889 0.20625 0.036320 0.112500
1 0.46125907990314774 0.17708333333333334 0.036320 0.145833
1 0.49515738498789347 0.2916666666666667 0.065375 0.283333
1 0.49757869249394676 0.13541666666666666 0.041162 0.079167
