0 0.4172727272727273 0.5508021390374331 0.161818 0.176471
1 0.13272727272727272 0.40775401069518713 0.080000 0.393048
1 0.11818181818181818 0.3409090909090909 0.174545 0.377005
1 0.62 0.18315508021390373 0.120000 0.344920
1 0.7245454545454545 0.2072192513368984 0.114545 0.377005
1 0.8836363636363637 0.32754010695187163 0.105455 0.355615
1 0.9127272727272727 0.5187165775401069 0.163636 0.336898
1 0.20909090909090908 0.8342245989304813 0.116364 0.310160
1 0.3836363636363636 0.8770053475935828 0.145455 0.229947
1 0.6790909090909091 0.6042780748663101 0.110909 0.422460
