0 0.4263636363636364 0.7736220472440944 0.318182 0.169291
0 0.5936363636363636 0.7401574803149606 0.325455 0.220472
1 0.7445454545454545 0.421259842519685 0.132727 0.842520
1 0.8554545454545455 0.4625984251968504 0.158182 0.925197
1 0.9654545454545455 0.25393700787401574 0.065455 0.255906
1 0.7136363636363636 0.2874015748031496 0.081818 0.212598
1 0.46090909090909093 0.2440944881889764 0.136364 0.291339
1 0.14181818181818182 0.43700787401574803 0.210909 0.874016
1 0.06909090909090909 0.4389763779527559 0.138182 0.846457
1 0.08272727272727273 0.27165354330708663 0.103636 0.322835
