0 0.122 0.8070987654320987 0.244000 0.231481
0 0.389 0.8425925925925926 0.458000 0.166667
0 0.743 0.8580246913580246 0.242000 0.259259
0 0.376 0.7237654320987654 0.420000 0.089506
0 0.424 0.6466049382716049 0.460000 0.083333
0 0.454 0.5833333333333333 0.364000 0.074074
0 0.457 0.529320987654321 0.294000 0.064815
0 0.47100000000000003 0.4891975308641975 0.294000 0.064815
0 0.492 0.441358024691358 0.240000 0.030864
0 0.501 0.4212962962962963 0.226000 0.021605
0 0.51 0.39969135802469136 0.200000 0.021605
