1 0.09222222222222222 0.12645348837209303 0.184444 0.235465
1 0.18555555555555556 0.46511627906976744 0.317778 0.354651
1 0.38 0.1875 0.164444 0.375000
1 0.53 0.17296511627906977 0.153333 0.345930
1 0.6722222222222223 0.1380813953488372 0.122222 0.270349
1 0.8155555555555556 0.125 0.146667 0.250000
1 0.9244444444444444 0.1555232558139535 0.066667 0.229651
1 0.9677777777777777 0.17877906976744184 0.060000 0.357558
1 0.82 0.41424418604651164 0.328889 0.572674
0 0.6911111111111111 0.8052325581395349 0.595556 0.377907
