1 0.09333333333333334 0.55 0.090000 0.669231
1 0.15166666666666667 0.26153846153846155 0.063333 0.107692
1 0.18083333333333335 0.5807692307692308 0.135000 0.684615
1 0.30083333333333334 0.5435897435897435 0.075000 0.687179
1 0.36250000000000004 0.5461538461538461 0.101667 0.733333
1 0.4733333333333334 0.541025641025641 0.126667 0.692308
1 0.645 0.5205128205128206 0.110000 0.558974
1 0.7283333333333334 0.5384615384615384 0.093333 0.723077
1 0.8475 0.7474358974358974 0.148333 0.346154
0 0.5700000000000001 0.8512820512820513 0.276667 0.158974
