0 0.614 0.5609418282548476 0.088000 0.130194
1 0.755 0.7922437673130194 0.134000 0.332410
1 0.887 0.40304709141274236 0.078000 0.263158
1 0.812 0.4709141274238227 0.052000 0.254848
1 0.748 0.5443213296398892 0.068000 0.279778
1 0.717 0.4002770083102493 0.038000 0.069252
1 0.683 0.4404432132963989 0.058000 0.221607
1 0.708 0.32271468144044324 0.048000 0.091413
1 0.643 0.33518005540166207 0.062000 0.249307
1 0.54 0.518005540166205 0.076000 0.160665
1 0.654 0.5193905817174516 0.052000 0.141274
1 0.578 0.4085872576177285 0.064000 0.185596
1 0.468 0.41274238227146814 0.056000 0.260388
1 0.401 0.34210526315789475 0.034000 0.119114
1 0.41000000000000003 0.37950138504155123 0.068000 0.254848
1 0.368 0.22437673130193905 0.084000 0.144044
1 0.355 0.4113573407202216 0.070000 0.224377
1 0.314 0.3988919667590028 0.084000 0.260388
1 0.211 0.4916897506925208 0.070000 0.263158
1 0.129 0.5083102493074793 0.054000 0.268698
1 0.153 0.3961218836565097 0.046000 0.232687
1 0.054 0.43213296398891965 0.056000 0.204986
