1 0.0375 0.3137254901960784 0.075000 0.401961
1 0.05375 0.2426470588235294 0.092500 0.102941
1 0.2025 0.05392156862745098 0.065000 0.107843
1 0.2325 0.1764705882352941 0.190000 0.313725
1 0.34500000000000003 0.13480392156862744 0.075000 0.240196
1 0.425 0.5269607843137255 0.170000 0.936275
1 0.59 0.2647058823529412 0.120000 0.441176
1 0.63375 0.10294117647058823 0.067500 0.156863
1 0.71375 0.25245098039215685 0.087500 0.377451
1 0.75125 0.11274509803921569 0.062500 0.176471
1 0.81 0.1642156862745098 0.055000 0.171569
1 0.85375 0.0661764705882353 0.057500 0.132353
1 0.9375 0.24019607843137256 0.120000 0.421569
1 0.93625 0.8602941176470588 0.107500 0.269608
1 0.80375 0.7745098039215687 0.147500 0.441176
1 0.70125 0.678921568627451 0.077500 0.279412
1 0.59875 0.7745098039215687 0.077500 0.245098
1 0.5675 0.7892156862745098 0.110000 0.411765
0 0.25 0.6887254901960784 0.220000 0.495098
0 0.08750000000000001 0.875 0.175000 0.230392
