1 0.95875 0.6388367729831145 0.080000 0.238274
1 0.906875 0.46622889305816134 0.133750 0.245779
1 0.8025 0.3517823639774859 0.070000 0.125704
1 0.659375 0.36397748592870544 0.106250 0.232645
1 0.574375 0.31050656660412757 0.063750 0.234522
1 0.304375 0.1772983114446529 0.063750 0.181989
1 0.50375 0.31894934333958724 0.125000 0.495310
1 0.4225 0.33771106941838647 0.045000 0.090056
1 0.38 0.2795497185741088 0.120000 0.484053
1 0.241875 0.15666041275797374 0.093750 0.151970
1 0.15687500000000001 0.13320825515947468 0.101250 0.150094
1 0.10375000000000001 0.25328330206378985 0.155000 0.296435
1 0.211875 0.50187617260788 0.213750 0.519700
1 0.304375 0.8874296435272045 0.201250 0.221388
1 0.11375 0.8705440900562852 0.202500 0.255159
1 0.053125 0.7936210131332082 0.103750 0.262664
1 0.0275 0.624765478424015 0.055000 0.052533
1 0.77625 0.5478424015009381 0.235000 0.465291
0 0.54125 0.7720450281425891 0.432500 0.369606
