0 0.6436567164179104 0.6861111111111111 0.205224 0.383333
0 0.8283582089552238 0.6361111111111112 0.216418 0.283333
1 0.10261194029850747 0.4166666666666667 0.093284 0.433333
1 0.1791044776119403 0.4305555555555556 0.074627 0.438889
1 0.2555970149253731 0.4305555555555556 0.070896 0.438889
1 0.31902985074626866 0.45 0.063433 0.444444
1 0.376865671641791 0.4277777777777778 0.067164 0.444444
1 0.43843283582089554 0.4361111111111111 0.063433 0.427778
1 0.5447761194029851 0.4361111111111111 0.074627 0.416667
1 0.628731343283582 0.35000000000000003 0.085821 0.300000
1 0.7220149253731343 0.4083333333333333 0.063433 0.394444
1 0.8302238805970149 0.3944444444444445 0.070896 0.322222
1 0.8955223880597015 0.3472222222222222 0.052239 0.294444
1 0.9477611940298507 0.25277777777777777 0.059701 0.105556
1 0.960820895522388 0.48888888888888893 0.070896 0.366667
