1 0.96 0.36885245901639346 0.072727 0.497268
1 0.889090909090909 0.29508196721311475 0.141818 0.590164
1 0.8345454545454546 0.12295081967213115 0.083636 0.245902
1 0.6836363636363636 0.226775956284153 0.080000 0.431694
1 0.5509090909090909 0.18032786885245902 0.076364 0.349727
1 0.42 0.1885245901639344 0.112727 0.377049
1 0.31636363636363635 0.1721311475409836 0.065455 0.344262
1 0.2690909090909091 0.23497267759562843 0.094545 0.459016
1 0.07454545454545454 0.10382513661202186 0.098182 0.207650
1 0.038181818181818185 0.35792349726775957 0.076364 0.420765
1 0.46545454545454545 0.4918032786885246 0.225455 0.262295
1 0.24727272727272728 0.6939890710382514 0.181818 0.491803
0 0.6363636363636364 0.7349726775956285 0.610909 0.289617
