1 0.9698996655518395 0.10401002506265664 0.056856 0.208020
1 0.8963210702341137 0.07644110275689223 0.063545 0.152882
1 0.9364548494983277 0.047619047619047616 0.030100 0.095238
1 0.7775919732441472 0.06015037593984962 0.100334 0.120301
1 0.2048494983277592 0.042606516290726815 0.091973 0.085213
1 0.15635451505016723 0.05263157894736842 0.105351 0.105263
1 0.04765886287625418 0.09899749373433583 0.095318 0.197995
1 0.07692307692307693 0.047619047619047616 0.066890 0.095238
1 0.34782608695652173 0.2631578947368421 0.321070 0.476190
0 0.6747491638795986 0.6140350877192982 0.647157 0.531328
