1 0.11111111111111112 0.5807799442896936 0.188889 0.821727
1 0.32037037037037036 0.38857938718662954 0.144444 0.487465
1 0.40092592592592596 0.2841225626740947 0.064815 0.194986
1 0.4851851851851852 0.38857938718662954 0.122222 0.481894
1 0.5574074074074075 0.266016713091922 0.062963 0.197772
1 0.7064814814814815 0.17409470752089137 0.083333 0.253482
1 0.8074074074074075 0.18523676880222842 0.088889 0.292479
1 0.9694444444444444 0.14206128133704735 0.057407 0.167131
1 0.7703703703703704 0.6114206128133705 0.244444 0.487465
0 0.4342592592592593 0.8147632311977716 0.457407 0.364903
