0 0.44625000000000004 0.5266990291262136 0.650000 0.807443
0 0.51625 0.5760517799352751 0.762500 0.511327
1 0.075625 0.38025889967637544 0.151250 0.750809
1 0.195625 0.04045307443365696 0.118750 0.077670
1 0.36312500000000003 0.045307443365695796 0.146250 0.090615
1 0.499375 0.04854368932038835 0.123750 0.097087
1 0.65 0.05016181229773463 0.127500 0.100324
1 0.780625 0.0598705501618123 0.153750 0.113269
1 0.880625 0.05339805825242719 0.048750 0.100324
1 0.949375 0.06148867313915858 0.091250 0.122977
