0 0.49453125000000003 0.7455089820359282 0.204688 0.371257
1 0.6234375000000001 0.6332335329341318 0.259375 0.721557
1 0.45390625 0.5673652694610779 0.254688 0.625749
1 0.62109375 0.2350299401197605 0.079688 0.170659
1 0.56953125 0.20808383233532934 0.035938 0.104790
1 0.4 0.26646706586826346 0.125000 0.371257
1 0.17109375000000002 0.4895209580838324 0.342188 0.979042
1 0.037500000000000006 0.16467065868263475 0.075000 0.233533
1 0.27109375 0.19910179640718564 0.082813 0.206587
1 0.9234375 0.4970059880239521 0.150000 0.994012
