0 0.11920529801324503 0.751497005988024 0.238411 0.485030
0 0.2731788079470199 0.6766467065868264 0.149007 0.191617
0 0.5960264900662252 0.8682634730538923 0.536424 0.251497
0 0.8675496688741722 0.5688622754491018 0.099338 0.095808
0 0.8890728476821192 0.688622754491018 0.215232 0.239521
0 0.7599337748344371 0.6377245508982037 0.036424 0.101796
0 0.652317880794702 0.5718562874251497 0.125828 0.161677
0 0.6771523178807947 0.688622754491018 0.109272 0.131737
0 0.36423841059602646 0.6077844311377246 0.059603 0.101796
0 0.47516556291390727 0.6616766467065869 0.175497 0.209581
0 0.023178807947019868 0.6766467065868264 0.046358 0.275449
