1 0.11410788381742738 0.3348623853211009 0.091286 0.308869
1 0.262448132780083 0.29510703363914376 0.060166 0.253823
1 0.36099585062240663 0.25382262996941896 0.066390 0.226300
1 0.4605809128630705 0.21406727828746178 0.116183 0.244648
1 0.5995850622406639 0.2889908256880734 0.070539 0.425076
1 0.6535269709543569 0.3195718654434251 0.066390 0.388379
1 0.6794605809128631 0.16972477064220184 0.076763 0.162080
1 0.6939834024896265 0.07033639143730887 0.064315 0.128440
1 0.770746887966805 0.4648318042813456 0.147303 0.905199
1 0.4336099585062241 0.3425076452599388 0.112033 0.122324
1 0.49066390041493774 0.4938837920489297 0.201245 0.229358
1 0.3392116182572614 0.4525993883792049 0.118257 0.177370
0 0.39730290456431533 0.6743119266055045 0.280083 0.296636
