0 0.40714285714285714 0.8414285714285714 0.362857 0.237143
1 0.6771428571428572 0.6757142857142857 0.320000 0.385714
1 0.19285714285714287 0.7442857142857143 0.385714 0.505714
1 0.037142857142857144 0.30714285714285716 0.074286 0.522857
1 0.04 0.16714285714285715 0.057143 0.088571
1 0.1657142857142857 0.2914285714285714 0.171429 0.440000
1 0.3357142857142857 0.14285714285714285 0.060000 0.074286
1 0.3757142857142857 0.3557142857142857 0.191429 0.562857
1 0.49142857142857144 0.35 0.080000 0.414286
1 0.6257142857142857 0.2985714285714286 0.211429 0.391429
1 0.5628571428571428 0.08714285714285715 0.080000 0.065714
1 0.7342857142857143 0.2257142857142857 0.102857 0.257143
1 0.8385714285714285 0.3414285714285714 0.140000 0.448571
1 0.9371428571428572 0.32285714285714284 0.108571 0.417143
