0 0.3603448275862069 0.7844444444444444 0.396552 0.386667
1 0.6086206896551724 0.6044444444444445 0.279310 0.524444
1 0.3706896551724138 0.6088888888888889 0.272414 0.364444
1 0.3086206896551724 0.3688888888888889 0.127586 0.320000
1 0.41551724137931034 0.3377777777777778 0.106897 0.275556
1 0.5293103448275862 0.31777777777777777 0.086207 0.208889
1 0.5741379310344827 0.2777777777777778 0.058621 0.146667
1 0.16206896551724137 0.4222222222222222 0.137931 0.346667
1 0.04827586206896552 0.3688888888888889 0.075862 0.275556
1 0.22413793103448276 0.2577777777777778 0.048276 0.133333
