0 0.437 0.658682634730539 0.354000 0.329341
1 0.045 0.42215568862275454 0.070000 0.371257
1 0.11 0.40269461077844315 0.088000 0.356287
1 0.153 0.3862275449101797 0.050000 0.239521
1 0.197 0.4236526946107785 0.034000 0.152695
1 0.269 0.29940119760479045 0.106000 0.233533
1 0.368 0.29341317365269465 0.080000 0.161677
1 0.52 0.24850299401197606 0.212000 0.257485
1 0.6940000000000001 0.2889221556886228 0.088000 0.170659
1 0.764 0.22155688622754494 0.048000 0.095808
1 0.794 0.39670658682634735 0.100000 0.392216
1 0.895 0.41467065868263475 0.074000 0.428144
1 0.9520000000000001 0.4236526946107785 0.092000 0.631737
1 0.62 0.6107784431137725 0.248000 0.479042
1 0.47000000000000003 0.502994011976048 0.124000 0.209581
1 0.368 0.44910179640718567 0.096000 0.161677
1 0.198 0.7170658682634731 0.232000 0.559880
1 0.244 0.44311377245508987 0.068000 0.161677
