1 0.5545454545454546 0.6284153005464481 0.549091 0.732240
0 0.4527272727272727 0.6612021857923497 0.854545 0.371585
1 0.16363636363636364 0.3442622950819672 0.145455 0.688525
1 0.056363636363636366 0.24863387978142076 0.112727 0.486339
1 0.22181818181818183 0.2185792349726776 0.123636 0.437158
1 0.28909090909090907 0.19398907103825136 0.090909 0.387978
1 0.4090909090909091 0.1912568306010929 0.141818 0.382514
1 0.5218181818181818 0.11475409836065574 0.098182 0.229508
1 0.7072727272727273 0.15027322404371585 0.127273 0.300546
1 0.9654545454545455 0.3825136612021858 0.061818 0.765027
