0 0.453125 0.611111111111111 0.556250 0.391304
1 0.2859375 0.23792270531400966 0.115625 0.466184
1 0.43828125 0.40579710144927533 0.145313 0.512077
1 0.4921875 0.30676328502415456 0.096875 0.536232
1 0.5703125 0.2971014492753623 0.090625 0.231884
1 0.6179687500000001 0.3442028985507246 0.070312 0.103865
1 0.70078125 0.2910628019323671 0.095313 0.301932
1 0.7421875 0.37801932367149754 0.153125 0.214976
1 0.8500000000000001 0.3442028985507246 0.118750 0.214976
1 0.9359375000000001 0.31280193236714976 0.046875 0.108696
