0 0.7007042253521127 0.7645833333333333 0.481221 0.437500
1 0.3755868544600939 0.5708333333333333 0.276995 0.608333
1 0.8955399061032864 0.4375 0.204225 0.875000
1 0.06924882629107981 0.5375 0.138498 0.883333
1 0.24530516431924884 0.14375 0.166667 0.287500
1 0.40962441314553993 0.13541666666666666 0.129108 0.270833
1 0.48826291079812206 0.14791666666666667 0.075117 0.295833
1 0.5363849765258216 0.11666666666666667 0.058685 0.233333
1 0.5892018779342724 0.2708333333333333 0.107981 0.541667
1 0.7042253521126761 0.31875 0.169014 0.637500
