1 0.8162751677852349 0.45566502463054187 0.098993 0.403941
1 0.4815436241610738 0.5972906403940886 0.107383 0.278325
1 0.3573825503355705 0.5332512315270936 0.097315 0.189655
1 0.38674496644295303 0.7647783251231527 0.119128 0.416256
1 0.17114093959731544 0.6022167487684729 0.120805 0.288177
1 0.12835570469798657 0.4100985221674877 0.065436 0.174877
1 0.1988255033557047 0.4273399014778325 0.082215 0.238916
1 0.2533557046979866 0.3694581280788177 0.070470 0.251232
1 0.30453020134228187 0.2869458128078818 0.068792 0.224138
1 0.06208053691275168 0.41625615763546797 0.090604 0.290640
1 0.09312080536912752 0.29433497536945813 0.055369 0.145320
1 0.49580536912751677 0.31527093596059114 0.055369 0.201970
1 0.5713087248322147 0.10714285714285715 0.025168 0.155172
1 0.5964765100671141 0.08497536945812809 0.038591 0.125616
1 0.674496644295302 0.02832512315270936 0.026846 0.056650
1 0.7172818791946308 0.03078817733990148 0.028523 0.061576
1 0.535234899328859 0.07881773399014778 0.030201 0.113300
1 0.5041946308724832 0.12438423645320197 0.025168 0.150246
1 0.47651006711409394 0.11576354679802955 0.040268 0.167488
1 0.5 0.022167487684729065 0.030201 0.039409
1 0.3296979865771812 0.06403940886699508 0.098993 0.128079
0 0.6669463087248322 0.4618226600985222 0.162752 0.125616
