1 0.907070707070707 0.5333333333333333 0.060606 0.243478
1 0.8303030303030303 0.5130434782608696 0.076768 0.220290
1 0.702020202020202 0.5521739130434783 0.123232 0.310145
1 0.6343434343434343 0.4246376811594203 0.072727 0.066667
1 0.6080808080808081 0.48405797101449277 0.060606 0.104348
1 0.5898989898989899 0.6318840579710145 0.109091 0.353623
1 0.4292929292929293 0.6695652173913044 0.111111 0.365217
1 0.18383838383838383 0.6333333333333333 0.096970 0.484058
1 0.39191919191919194 0.45507246376811594 0.064646 0.168116
1 0.44646464646464645 0.43623188405797103 0.052525 0.130435
1 0.3878787878787879 0.34492753623188405 0.036364 0.098551
1 0.4888888888888889 0.4101449275362319 0.044444 0.084058
1 0.42323232323232324 0.6782608695652174 0.115152 0.411594
0 0.4858585858585859 0.7521739130434782 0.191919 0.281159
