1 0.042 0.2350299401197605 0.044000 0.122754
1 0.079 0.5089820359281437 0.086000 0.688623
1 0.122 0.20808383233532934 0.044000 0.104790
1 0.158 0.42814371257485034 0.048000 0.491018
1 0.217 0.5 0.066000 0.646707
1 0.246 0.24251497005988026 0.036000 0.107784
1 0.295 0.5 0.082000 0.706587
1 0.335 0.2350299401197605 0.046000 0.122754
1 0.374 0.2410179640718563 0.060000 0.116766
1 0.426 0.47904191616766467 0.108000 0.580838
1 0.45 0.22904191616766467 0.032000 0.116766
1 0.48 0.22155688622754494 0.040000 0.131737
1 0.531 0.4640718562874252 0.106000 0.604790
1 0.5670000000000001 0.24251497005988026 0.034000 0.101796
1 0.603 0.25449101796407186 0.042000 0.119760
1 0.638 0.24550898203592816 0.036000 0.083832
1 0.67 0.4880239520958084 0.092000 0.670659
1 0.711 0.23053892215568864 0.034000 0.131737
1 0.773 0.22155688622754494 0.030000 0.113772
1 0.8150000000000001 0.5 0.118000 0.694611
1 0.854 0.22155688622754494 0.044000 0.113772
1 0.928 0.47305389221556887 0.096000 0.682635
1 0.975 0.2350299401197605 0.046000 0.104790
0 0.545 0.7979041916167665 0.350000 0.176647
