1 0.13295880149812733 0.46961325966850825 0.146067 0.828729
1 0.2696629213483146 0.31215469613259667 0.067416 0.303867
1 0.22659176029962547 0.5027624309392265 0.063670 0.508287
1 0.43258426966292135 0.3674033149171271 0.123596 0.403315
1 0.5842696629213483 0.46685082872928174 0.119850 0.558011
1 0.6591760299625469 0.4889502762430939 0.067416 0.558011
1 0.9456928838951311 0.4585635359116022 0.101124 0.585635
1 0.8108614232209738 0.4944751381215469 0.153558 0.779006
1 0.7097378277153558 0.48342541436464087 0.101124 0.635359
1 0.41947565543071164 0.6408839779005524 0.172285 0.298343
1 0.2546816479400749 0.5138121546961326 0.067416 0.110497
1 0.301498127340824 0.5828729281767956 0.078652 0.093923
