1 0.10609756097560975 0.5604575163398693 0.207317 0.813725
1 0.10365853658536585 0.08986928104575163 0.168293 0.179739
1 0.2939024390243902 0.28758169934640526 0.158537 0.575163
1 0.42804878048780487 0.3431372549019608 0.139024 0.647059
1 0.5402439024390244 0.057189542483660136 0.080488 0.114379
1 0.5719512195121951 0.25980392156862747 0.095122 0.506536
1 0.6817073170731708 0.31699346405228757 0.168293 0.594771
1 0.8402439024390244 0.17647058823529413 0.143902 0.339869
1 0.9158536585365854 0.4444444444444445 0.143902 0.836601
1 0.6439024390243903 0.7418300653594772 0.312195 0.457516
0 0.36097560975609755 0.8186274509803921 0.331707 0.336601
