1 0.054307116104868915 0.3149171270718232 0.071161 0.475138
1 0.25842696629213485 0.35359116022099446 0.157303 0.651934
1 0.34269662921348315 0.20718232044198895 0.086142 0.381215
1 0.5355805243445693 0.19337016574585636 0.089888 0.309392
1 0.6198501872659176 0.16298342541436464 0.078652 0.270718
1 0.8052434456928839 0.38121546961325964 0.232210 0.762431
1 0.9176029962546817 0.42265193370165743 0.104869 0.845304
1 0.449438202247191 0.3784530386740331 0.232210 0.337017
1 0.9662921348314607 0.6408839779005524 0.059925 0.287293
0 0.5861423220973783 0.7651933701657458 0.632959 0.458564
