1 0.091 0.36786786786786785 0.154000 0.735736
1 0.14400000000000002 0.1111111111111111 0.064000 0.216216
1 0.214 0.3108108108108108 0.132000 0.609610
1 0.313 0.26876876876876876 0.078000 0.393393
1 0.394 0.27177177177177175 0.064000 0.519520
1 0.432 0.08858858858858859 0.052000 0.123123
1 0.357 0.0915915915915916 0.038000 0.081081
1 0.614 0.1891891891891892 0.072000 0.294294
1 0.671 0.12612612612612611 0.054000 0.096096
1 0.6970000000000001 0.27627627627627627 0.086000 0.486486
1 0.923 0.2732732732732733 0.078000 0.372372
1 0.974 0.4039039039039039 0.048000 0.525526
1 0.972 0.8123123123123123 0.052000 0.333333
1 0.552 0.4009009009009009 0.144000 0.189189
0 0.585 0.5975975975975976 0.402000 0.252252
