0 0.1690909090909091 0.7767220902612827 0.276364 0.147268
1 0.2681818181818182 0.5118764845605701 0.107273 0.477435
1 0.34454545454545454 0.5451306413301663 0.103636 0.567696
1 0.45454545454545453 0.5475059382422803 0.152727 0.605701
1 0.4690909090909091 0.2470308788598575 0.054545 0.109264
1 0.53 0.2838479809976247 0.052727 0.111639
1 0.610909090909091 0.5261282660332541 0.152727 0.615202
1 0.62 0.2933491686460808 0.047273 0.083135
1 0.7318181818181818 0.5166270783847982 0.143636 0.629454
1 0.8809090909090909 0.5296912114014252 0.183636 0.622328
