0 0.813627254509018 0.8557046979865771 0.248497 0.181208
0 0.17635270541082163 0.761744966442953 0.336673 0.322148
1 0.9038076152304608 0.5419463087248322 0.120240 0.694631
1 0.845691382765531 0.4647651006711409 0.088176 0.560403
1 0.7885771543086172 0.5201342281879194 0.122244 0.630872
1 0.7394789579158316 0.2332214765100671 0.052104 0.124161
1 0.6523046092184368 0.5268456375838926 0.226453 0.932886
1 0.5531062124248497 0.5369127516778524 0.120240 0.671141
1 0.47995991983967934 0.5067114093959731 0.170341 0.724832
1 0.4308617234468938 0.5721476510067114 0.200401 0.627517
1 0.3186372745490982 0.5620805369127516 0.140281 0.681208
