0 0.5447916666666667 0.5279106858054227 0.631250 0.456140
1 0.20729166666666665 0.5661881977671451 0.414583 0.864434
1 0.765625 0.5725677830940988 0.464583 0.730463
1 0.834375 0.215311004784689 0.239583 0.178628
1 0.7927083333333333 0.13955342902711323 0.235417 0.279107
1 0.46041666666666664 0.3094098883572568 0.354167 0.287081
1 0.11666666666666667 0.08692185007974482 0.137500 0.148325
1 0.23958333333333334 0.0733652312599681 0.154167 0.146730
1 0.4510416666666667 0.08532695374800638 0.231250 0.170654
1 0.6520833333333333 0.11084529505582137 0.166667 0.221691
