1 0.068 0.18413173652694612 0.116000 0.362275
1 0.164 0.1317365269461078 0.084000 0.263473
1 0.254 0.09730538922155689 0.080000 0.194611
1 0.339 0.08383233532934133 0.086000 0.167665
1 0.373 0.1407185628742515 0.118000 0.227545
1 0.531 0.1407185628742515 0.142000 0.239521
1 0.552 0.04640718562874252 0.160000 0.092814
1 0.809 0.09730538922155689 0.174000 0.194611
1 0.9500000000000001 0.2035928143712575 0.096000 0.389222
1 0.873 0.36377245508982037 0.138000 0.248503
1 0.878 0.718562874251497 0.240000 0.455090
1 0.778 0.28742514970059885 0.116000 0.269461
1 0.66 0.27095808383233533 0.176000 0.338323
1 0.216 0.6676646706586826 0.240000 0.652695
1 0.189 0.39520958083832336 0.278000 0.221557
1 0.418 0.3862275449101797 0.240000 0.305389
0 0.437 0.7005988023952097 0.378000 0.592814
