0 0.539 0.7338235294117647 0.290000 0.432353
1 0.934 0.49411764705882355 0.124000 0.988235
1 0.078 0.32794117647058824 0.072000 0.591176
1 0.029 0.3014705882352941 0.058000 0.561765
1 0.148 0.40588235294117647 0.092000 0.376471
1 0.25 0.21470588235294116 0.036000 0.276471
1 0.291 0.26323529411764707 0.078000 0.526471
1 0.41200000000000003 0.3073529411764706 0.188000 0.614706
1 0.599 0.1676470588235294 0.082000 0.335294
1 0.67 0.09117647058823529 0.064000 0.182353
1 0.779 0.08235294117647059 0.038000 0.164706
1 0.8220000000000001 0.11470588235294117 0.056000 0.229412
