0 0.76 0.6944444444444444 0.196000 0.260234
1 0.031 0.283625730994152 0.062000 0.502924
1 0.107 0.2807017543859649 0.082000 0.502924
1 0.203 0.26461988304093564 0.098000 0.517544
1 0.314 0.27192982456140347 0.084000 0.485380
1 0.41500000000000004 0.28216374269005845 0.102000 0.494152
1 0.521 0.26900584795321636 0.102000 0.497076
1 0.608 0.2675438596491228 0.104000 0.500000
1 0.719 0.2631578947368421 0.118000 0.461988
1 0.8260000000000001 0.2675438596491228 0.080000 0.482456
1 0.923 0.2733918128654971 0.114000 0.494152
