1 0.22462562396006655 0.48562500000000003 0.242928 0.531250
1 0.6830282861896839 0.30125 0.074875 0.165000
1 0.910981697171381 0.26875 0.071547 0.152500
1 0.5041597337770383 0.4825 0.189684 0.177500
1 0.41264559068219636 0.320625 0.069884 0.173750
1 0.44841930116472545 0.289375 0.051581 0.126250
1 0.35690515806988354 0.313125 0.104825 0.153750
1 0.27287853577371046 0.29625 0.043261 0.055000
1 0.29367720465890185 0.305625 0.044925 0.183750
1 0.05324459234608985 0.376875 0.103161 0.121250
0 0.415973377703827 0.55 0.106489 0.085000
