0 0.52578125 0.7547368421052632 0.410938 0.237895
1 0.046875 0.5599999999999999 0.093750 0.745263
1 0.11484375000000001 0.4094736842105263 0.120313 0.347368
1 0.25078125 0.5094736842105263 0.254688 0.846316
1 0.35625 0.3642105263157895 0.031250 0.202105
1 0.38828125 0.39473684210526316 0.051563 0.267368
1 0.40625 0.2926315789473684 0.043750 0.105263
1 0.5015625 0.3894736842105263 0.087500 0.336842
1 0.61328125 0.4031578947368421 0.073438 0.355789
1 0.6890625 0.4705263157894737 0.125000 0.570526
1 0.7976562500000001 0.4336842105263158 0.145313 0.454737
1 0.8453125 0.32105263157894737 0.043750 0.136842
1 0.9007812500000001 0.3505263157894737 0.079688 0.191579
1 0.96484375 0.3273684210526316 0.067187 0.178947
1 0.9390625 0.6221052631578947 0.112500 0.423158
