0 0.7689655172413793 0.7260726072607261 0.096552 0.165017
1 0.016379310344827584 0.8085808580858086 0.032759 0.376238
1 0.09310344827586206 0.8399339933993399 0.082759 0.313531
1 0.2293103448275862 0.8514851485148515 0.072414 0.290429
1 0.2681034482758621 0.7986798679867987 0.074138 0.396040
1 0.3577586206896552 0.7871287128712872 0.143103 0.419142
1 0.41551724137931034 0.7293729372937294 0.124138 0.415842
1 0.5586206896551724 0.7112211221122112 0.103448 0.438944
1 0.5991379310344828 0.6138613861386139 0.146552 0.475248
1 0.5827586206896551 0.36303630363036304 0.072414 0.277228
1 0.7017241379310345 0.6435643564356436 0.093103 0.435644
1 0.8017241379310345 0.4570957095709571 0.089655 0.438944
1 0.9017241379310345 0.4389438943894389 0.072414 0.448845
1 0.975 0.32673267326732675 0.043103 0.277228
1 0.12758620689655173 0.12706270627062707 0.065517 0.254125
