0 0.5571428571428572 0.7916666666666666 0.485714 0.333333
1 0.07012987012987013 0.3958333333333333 0.124675 0.583333
1 0.14155844155844155 0.3854166666666667 0.106494 0.679167
1 0.22467532467532467 0.3458333333333333 0.101299 0.591667
1 0.3246753246753247 0.4270833333333333 0.135065 0.845833
1 0.4051948051948052 0.28125 0.109091 0.370833
1 0.4896103896103896 0.3375 0.122078 0.675000
1 0.5831168831168831 0.46875 0.361039 0.387500
1 0.5961038961038961 0.2 0.064935 0.158333
1 0.6441558441558441 0.21041666666666667 0.062338 0.162500
1 0.6922077922077922 0.21666666666666667 0.059740 0.150000
1 0.7493506493506493 0.3145833333333333 0.090909 0.587500
1 0.8792207792207792 0.4708333333333333 0.189610 0.933333
