0 0.8990384615384615 0.4278846153846154 0.073718 0.490385
0 0.8349358974358974 0.3509615384615385 0.092949 0.480769
0 0.75 0.37259615384615385 0.153846 0.322115
0 0.6875 0.35336538461538464 0.080128 0.264423
0 0.6266025641025641 0.34375 0.060897 0.331731
0 0.5625 0.34375 0.125000 0.331731
0 0.5080128205128205 0.4903846153846154 0.182692 0.519231
0 0.4230769230769231 0.3125 0.064103 0.240385
0 0.34455128205128205 0.2716346153846154 0.073718 0.235577
0 0.22115384615384615 0.5120192307692308 0.115385 0.716346
0 0.34775641025641024 0.4903846153846154 0.125000 0.173077
0 0.23878205128205127 0.6490384615384616 0.330128 0.144231
