0 0.4011752136752137 0.3975360576923077 0.490385 0.111178
1 0.7200854700854702 0.2941706730769231 0.119658 0.225361
1 0.6132478632478633 0.3118990384615385 0.153846 0.239183
1 0.6410256410256411 0.23707932692307693 0.087607 0.067909
1 0.5069444444444445 0.3010817307692308 0.131410 0.211538
1 0.4433760683760684 0.22506009615384617 0.087607 0.067909
1 0.4011752136752137 0.3203125 0.161325 0.206731
1 0.33493589743589747 0.29867788461538464 0.112179 0.224760
1 0.21314102564102566 0.31490384615384615 0.159188 0.239183
1 0.07104700854700856 0.32421875 0.142094 0.186899
