1 0.08333333333333334 0.5658914728682171 0.166667 0.563307
1 0.05666666666666667 0.2454780361757106 0.113333 0.056848
1 0.21166666666666667 0.4418604651162791 0.136667 0.537468
1 0.27 0.13695090439276486 0.126667 0.072351
1 0.3716666666666667 0.2364341085271318 0.130000 0.266150
1 0.3216666666666667 0.05426356589147287 0.170000 0.098191
1 0.5783333333333334 0.25064599483204136 0.236667 0.480620
1 0.7000000000000001 0.07622739018087855 0.160000 0.147287
1 0.8183333333333334 0.17312661498708012 0.196667 0.103359
1 0.9216666666666667 0.05943152454780362 0.150000 0.118863
1 0.9533333333333334 0.165374677002584 0.086667 0.093023
1 0.9216666666666667 0.2958656330749354 0.143333 0.152455
1 0.9166666666666667 0.40439276485788117 0.160000 0.147287
1 0.8333333333333334 0.7041343669250646 0.100000 0.447028
1 0.9116666666666667 0.7248062015503877 0.170000 0.534884
1 0.77 0.45478036175710596 0.226667 0.470284
1 0.4516666666666667 0.7441860465116279 0.203333 0.506460
1 0.34500000000000003 0.6343669250645995 0.163333 0.524548
0 0.62 0.7041343669250646 0.226667 0.405685
