0 0.25579710144927537 0.47608695652173916 0.508696 0.230435
0 0.6123188405797102 0.3809782608695652 0.308696 0.166304
1 0.05 0.19619565217391305 0.094203 0.109783
1 0.33695652173913043 0.21358695652173915 0.091304 0.127174
1 0.4007246376811594 0.1907608695652174 0.079710 0.098913
1 0.4847826086956522 0.16630434782608697 0.036232 0.060870
1 0.5456521739130434 0.2391304347826087 0.123188 0.228261
1 0.5927536231884059 0.20217391304347826 0.034783 0.086957
1 0.5905797101449275 0.14456521739130435 0.053623 0.028261
1 0.6159420289855072 0.19891304347826086 0.040580 0.141304
1 0.6652173913043479 0.21956521739130436 0.037681 0.132609
1 0.6920289855072463 0.20869565217391306 0.033333 0.095652
1 0.736231884057971 0.1826086956521739 0.055072 0.091304
1 0.7811594202898551 0.1956521739130435 0.057971 0.119565
1 0.8340579710144927 0.18695652173913044 0.033333 0.084783
1 0.9514492753623188 0.15217391304347827 0.027536 0.032609
1 0.9789855072463768 0.14565217391304347 0.039130 0.034783
