0 0.2847457627118644 0.6289592760180996 0.277966 0.416290
0 0.3559322033898305 0.5158371040723982 0.223729 0.389140
0 0.5033898305084745 0.502262443438914 0.105085 0.407240
0 0.6576271186440678 0.5158371040723982 0.271186 0.380090
0 0.835593220338983 0.5180995475113123 0.261017 0.375566
0 0.9084745762711864 0.4457013574660634 0.176271 0.312217
0 0.6101694915254237 0.8461538461538463 0.359322 0.298643
0 0.8084745762711865 0.830316742081448 0.274576 0.330317
0 0.1440677966101695 0.3823529411764706 0.111864 0.212670
0 0.06271186440677966 0.8619909502262444 0.125424 0.185520
