0 0.4640410958904109 0.6625 0.928082 0.435000
1 0.5462328767123288 0.44375000000000003 0.523973 0.457500
1 0.23972602739726026 0.275 0.267123 0.550000
1 0.0702054794520548 0.13 0.106164 0.260000
1 0.3852739726027397 0.13375 0.133562 0.267500
1 0.547945205479452 0.11625 0.191781 0.232500
1 0.6917808219178082 0.0525 0.102740 0.105000
1 0.8150684931506849 0.16875 0.178082 0.337500
1 0.9023972602739726 0.26375 0.188356 0.527500
1 0.03767123287671233 0.69625 0.075342 0.072500
1 0.886986301369863 0.7837500000000001 0.219178 0.327500
