0 0.540625 0.7972222222222223 0.187500 0.172222
1 0.7453125 0.08055555555555556 0.090625 0.161111
1 0.434375 0.07777777777777778 0.093750 0.155556
1 0.1046875 0.4138888888888889 0.084375 0.450000
1 0.10312500000000001 0.8138888888888889 0.112500 0.361111
1 0.4859375 0.3388888888888889 0.121875 0.455556
1 0.6937500000000001 0.6777777777777778 0.156250 0.566667
1 0.6171875 0.6777777777777778 0.134375 0.366667
1 0.47968750000000004 0.7333333333333334 0.096875 0.511111
1 0.6046875 0.9111111111111111 0.128125 0.166667
