0 0.6025 0.835423197492163 0.350000 0.297806
1 0.1325 0.5360501567398119 0.185000 0.802508
1 0.2625 0.45297805642633227 0.105000 0.761755
1 0.33125 0.15987460815047022 0.077500 0.206897
1 0.4875 0.25391849529780564 0.120000 0.507837
1 0.6012500000000001 0.4231974921630094 0.117500 0.764890
1 0.7125 0.24608150470219434 0.245000 0.467085
1 0.96375 0.36520376175548586 0.067500 0.517241
1 0.82375 0.6833855799373041 0.277500 0.388715
1 0.43375 0.670846394984326 0.307500 0.432602
1 0.93625 0.835423197492163 0.122500 0.304075
