0 0.24727272727272728 0.5744336569579288 0.283636 0.132686
0 0.3927272727272727 0.7783171521035599 0.389091 0.223301
0 0.6118181818181818 0.6666666666666667 0.325455 0.174757
0 0.6072727272727273 0.5744336569579288 0.025455 0.074434
0 0.6381818181818182 0.5679611650485438 0.036364 0.074434
0 0.39 0.4724919093851133 0.096364 0.077670
0 0.4727272727272727 0.39158576051779936 0.120000 0.090615
1 0.42454545454545456 0.2313915857605178 0.041818 0.184466
1 0.3790909090909091 0.22653721682847897 0.041818 0.097087
1 0.7681818181818182 0.37216828478964403 0.103636 0.504854
1 0.88 0.41747572815533984 0.116364 0.330097
0 0.5227272727272727 0.5032362459546926 0.118182 0.067961
