1 0.1 0.3466666666666667 0.200000 0.686667
1 0.16125 0.1 0.102500 0.186667
1 0.19625 0.04666666666666667 0.047500 0.093333
1 0.30875 0.2783333333333334 0.167500 0.556667
1 0.375 0.19166666666666668 0.120000 0.383333
1 0.45125 0.2 0.087500 0.400000
1 0.4925 0.07666666666666667 0.060000 0.153333
1 0.6275000000000001 0.18833333333333335 0.115000 0.376667
1 0.7212500000000001 0.17333333333333334 0.072500 0.346667
1 0.8125 0.18000000000000002 0.090000 0.360000
1 0.9237500000000001 0.1716666666666667 0.087500 0.343333
1 0.9725 0.20333333333333334 0.050000 0.393333
0 0.47875 0.65 0.287500 0.433333
