0 0.3955078125 0.8023255813953488 0.193359 0.343669
1 0.22265625 0.47674418604651164 0.179688 0.643411
1 0.4365234375 0.6149870801033592 0.150391 0.227390
1 0.544921875 0.7764857881136952 0.250000 0.400517
1 0.54296875 0.39018087855297157 0.167969 0.325581
1 0.7744140625 0.6472868217054264 0.177734 0.700258
1 0.7177734375 0.22739018087855298 0.126953 0.211886
1 0.783203125 0.27260981912144705 0.046875 0.188630
1 0.8798828125 0.541343669250646 0.169922 0.700258
1 0.966796875 0.3785529715762274 0.062500 0.385013
