1 0.8411764705882353 0.4175531914893617 0.137255 0.558511
1 0.7470588235294118 0.4281914893617021 0.058824 0.452128
1 0.696078431372549 0.39095744680851063 0.074510 0.441489
1 0.6352941176470588 0.40425531914893614 0.094118 0.436170
1 0.5784313725490196 0.36436170212765956 0.090196 0.430851
1 0.5137254901960784 0.44148936170212766 0.086275 0.329787
1 0.492156862745098 0.22872340425531915 0.074510 0.085106
1 0.38235294117647056 0.34308510638297873 0.160784 0.526596
1 0.28823529411764703 0.2154255319148936 0.066667 0.154255
1 0.29215686274509806 0.4521276595744681 0.082353 0.351064
1 0.20588235294117646 0.34308510638297873 0.058824 0.473404
1 0.1411764705882353 0.2632978723404255 0.094118 0.313830
0 0.3392156862745098 0.7632978723404256 0.349020 0.303191
