0 0.5212053571428571 0.7018181818181818 0.752232 0.360000
0 0.4140625 0.38272727272727275 0.167411 0.114545
1 0.3649553571428571 0.28545454545454546 0.082589 0.098182
1 0.22767857142857142 0.3336363636363636 0.183036 0.223636
1 0.07366071428571429 0.19 0.125000 0.380000
1 0.09709821428571427 0.05909090909090909 0.042411 0.060000
1 0.026785714285714284 0.3209090909090909 0.053571 0.467273
1 0.5457589285714285 0.11090909090909092 0.127232 0.192727
1 0.7020089285714285 0.08272727272727273 0.082589 0.165455
1 0.8002232142857142 0.023636363636363636 0.046875 0.047273
1 0.8627232142857142 0.2390909090909091 0.189732 0.478182
