1 0.03909090909090909 0.4166666666666667 0.063636 0.128415
1 0.022727272727272728 0.6270491803278688 0.041818 0.265027
1 0.23 0.5655737704918032 0.350909 0.633880
1 0.6209090909090909 0.28005464480874315 0.332727 0.560109
1 0.8781818181818182 0.49453551912568305 0.240000 0.967213
1 0.22545454545454546 0.2568306010928962 0.054545 0.081967
1 0.09363636363636364 0.2718579234972678 0.070909 0.133880
1 0.36727272727272725 0.3087431693989071 0.090909 0.125683
1 0.39545454545454545 0.39207650273224043 0.060000 0.084699
1 0.5981818181818181 0.5259562841530054 0.145455 0.248634
0 0.5890909090909091 0.6379781420765027 0.807273 0.532787
