1 0.17200000000000001 0.199438202247191 0.148000 0.398876
1 0.356 0.24578651685393257 0.096000 0.469101
1 0.438 0.18117977528089887 0.048000 0.227528
1 0.506 0.15308988764044942 0.060000 0.154494
1 0.554 0.1502808988764045 0.044000 0.103933
1 0.615 0.1797752808988764 0.050000 0.168539
1 0.662 0.1095505617977528 0.060000 0.207865
1 0.708 0.05196629213483146 0.032000 0.058989
1 0.72 0.11657303370786516 0.032000 0.070225
1 0.759 0.07724719101123595 0.046000 0.058989
1 0.8320000000000001 0.04915730337078651 0.052000 0.098315
1 0.894 0.10393258426966293 0.044000 0.078652
1 0.059000000000000004 0.09269662921348315 0.042000 0.067416
0 0.47700000000000004 0.6713483146067416 0.546000 0.337079
