0 0.4868913857677903 0.6316666666666667 0.153558 0.130000
1 0.8136704119850188 0.5633333333333334 0.084270 0.353333
1 0.9803370786516854 0.6583333333333333 0.035581 0.423333
1 0.9719101123595506 0.42500000000000004 0.052434 0.190000
1 0.750936329588015 0.385 0.067416 0.303333
1 0.5102996254681648 0.29500000000000004 0.050562 0.103333
1 0.599250936329588 0.5316666666666667 0.063670 0.323333
1 0.5552434456928839 0.37000000000000005 0.035581 0.073333
1 0.5140449438202247 0.4683333333333334 0.050562 0.203333
1 0.548689138576779 0.4733333333333334 0.029963 0.146667
1 0.36797752808988765 0.6133333333333334 0.076779 0.380000
1 0.352059925093633 0.42500000000000004 0.044944 0.150000
1 0.299625468164794 0.52 0.056180 0.346667
