1 0.912878787878788 0.5137362637362638 0.090909 0.478022
1 0.8446969696969697 0.4752747252747253 0.075758 0.554945
1 0.8806818181818182 0.8241758241758242 0.231061 0.340659
1 0.7424242424242424 0.4478021978021978 0.083333 0.291209
1 0.6893939393939394 0.3928571428571429 0.060606 0.225275
1 0.5416666666666666 0.4285714285714286 0.060606 0.329670
1 0.45075757575757575 0.4010989010989011 0.060606 0.252747
1 0.36363636363636365 0.4450549450549451 0.090909 0.417582
1 0.27462121212121215 0.3818681318681319 0.208333 0.543956
1 0.07386363636363637 0.3076923076923077 0.079545 0.186813
1 0.03598484848484849 0.5 0.071970 0.373626
1 0.17424242424242425 0.6428571428571429 0.318182 0.703297
0 0.45265151515151514 0.7774725274725275 0.246212 0.291209
