1 0.1859375 0.14166666666666666 0.140625 0.283333
1 0.30000000000000004 0.15 0.075000 0.144444
1 0.40468750000000003 0.15833333333333333 0.134375 0.283333
1 0.6203125 0.25277777777777777 0.115625 0.161111
1 0.80625 0.33611111111111114 0.081250 0.216667
1 0.8921875 0.25833333333333336 0.153125 0.283333
1 0.95625 0.14444444444444446 0.081250 0.144444
1 0.540625 0.5194444444444445 0.150000 0.316667
1 0.3796875 0.5916666666666667 0.159375 0.394444
1 0.7078125000000001 0.6888888888888889 0.178125 0.477778
1 0.7546875000000001 0.4916666666666667 0.128125 0.205556
0 0.53125 0.8555555555555556 0.250000 0.255556
1 0.028125 0.35000000000000003 0.056250 0.644444
