1 0.89 0.5506756756756757 0.150000 0.777027
1 0.8125 0.30067567567567566 0.065000 0.317568
1 0.7691666666666667 0.19594594594594594 0.088333 0.135135
1 0.7391666666666667 0.5619369369369369 0.148333 0.713964
1 0.5741666666666667 0.5157657657657657 0.128333 0.842342
1 0.42750000000000005 0.5078828828828829 0.151667 0.808559
1 0.2991666666666667 0.5146396396396397 0.181667 0.713964
1 0.21166666666666667 0.19932432432432431 0.063333 0.155405
1 0.1275 0.5157657657657657 0.241667 0.945946
0 0.5716666666666667 0.7984234234234234 0.516667 0.245495
