1 0.08383233532934133 0.818877551020408 0.167665 0.321429
1 0.10479041916167665 0.5841836734693877 0.119760 0.607143
1 0.21407185628742517 0.5561224489795918 0.116766 0.693878
1 0.31137724550898205 0.5739795918367346 0.095808 0.627551
1 0.40269461077844315 0.5688775510204082 0.104790 0.607143
1 0.4970059880239521 0.5459183673469388 0.101796 0.632653
1 0.594311377245509 0.548469387755102 0.104790 0.607143
1 0.6781437125748503 0.5382653061224489 0.104790 0.576531
1 0.7709580838323353 0.5637755102040816 0.092814 0.525510
1 0.8368263473053893 0.5127551020408163 0.086826 0.545918
1 0.937125748502994 0.4311224489795918 0.113772 0.372449
1 0.87874251497006 0.7321428571428571 0.206587 0.474490
