0 0.31363636363636366 0.5844686648501363 0.216364 0.193460
1 0.25545454545454543 0.444141689373297 0.132727 0.310627
1 0.45636363636363636 0.332425068119891 0.061818 0.370572
1 0.5127272727272727 0.3528610354223433 0.072727 0.389646
1 0.5890909090909091 0.35967302452316074 0.072727 0.408719
1 0.6563636363636364 0.37057220708446864 0.061818 0.435967
1 0.7090909090909091 0.3787465940054496 0.054545 0.446866
1 0.76 0.41144414168937327 0.058182 0.490463
1 0.8054545454545454 0.4182561307901907 0.061818 0.623978
1 0.8563636363636363 0.4591280653950954 0.069091 0.760218
1 0.9145454545454546 0.5231607629427792 0.163636 0.948229
