0 0.6135892116182573 0.6359447004608295 0.378631 0.264209
1 0.026452282157676348 0.46697388632872505 0.046680 0.648233
1 0.09595435684647304 0.4685099846390169 0.148340 0.608295
1 0.03475103734439834 0.11443932411674347 0.040456 0.069124
1 0.07935684647302904 0.16436251920122888 0.063278 0.162826
1 0.13796680497925312 0.13671274961597543 0.039419 0.058372
1 0.17634854771784234 0.3049155145929339 0.053942 0.373272
1 0.22562240663900415 0.22119815668202764 0.046680 0.193548
1 0.2645228215767635 0.20506912442396313 0.064315 0.204301
1 0.32468879668049794 0.2196620583717358 0.064315 0.208909
1 0.3879668049792531 0.23348694316436253 0.051867 0.181260
1 0.43049792531120334 0.2304147465437788 0.035270 0.184332
1 0.4849585062240664 0.2926267281105991 0.088174 0.290323
1 0.5451244813278008 0.3141321044546851 0.106846 0.407066
1 0.5943983402489627 0.2956989247311828 0.060166 0.324117
1 0.6353734439834025 0.17895545314900155 0.038382 0.078341
1 0.6768672199170125 0.358678955453149 0.164938 0.437788
1 0.7785269709543569 0.23425499231950844 0.071577 0.179724
1 0.8241701244813278 0.22734254992319508 0.061203 0.104455
1 0.8734439834024896 0.3709677419354839 0.107884 0.468510
1 0.8921161825726142 0.1497695852534562 0.043568 0.075269
1 0.9232365145228216 0.6213517665130568 0.149378 0.379416
