0 0.6098765432098765 0.785 0.493827 0.423333
1 0.9222222222222222 0.445 0.150617 0.890000
1 0.6555555555555556 0.7866666666666667 0.338272 0.420000
1 0.36049382716049383 0.6616666666666667 0.217284 0.403333
1 0.6148148148148148 0.2916666666666667 0.123457 0.583333
1 0.7012345679012345 0.2566666666666667 0.133333 0.513333
1 0.545679012345679 0.1366666666666667 0.079012 0.273333
1 0.4444444444444444 0.26666666666666666 0.108642 0.533333
1 0.1654320987654321 0.30333333333333334 0.143210 0.606667
1 0.08641975308641975 0.3766666666666667 0.167901 0.753333
1 0.04567901234567901 0.6483333333333334 0.091358 0.490000
