1 0.12229102167182664 0.10618556701030928 0.182663 0.195876
1 0.22136222910216719 0.03711340206185567 0.077399 0.074227
1 0.325077399380805 0.13711340206185568 0.105263 0.274227
1 0.4535603715170279 0.13298969072164948 0.164087 0.257732
1 0.6130030959752323 0.088659793814433 0.117647 0.148454
1 0.7306501547987616 0.07525773195876288 0.049536 0.051546
1 0.781733746130031 0.06701030927835051 0.095975 0.088660
1 0.9303405572755419 0.09072164948453608 0.114551 0.111340
1 0.8312693498452013 0.12061855670103093 0.331269 0.096907
1 0.7863777089783283 0.37422680412371134 0.421053 0.513402
1 0.6114551083591332 0.354639175257732 0.102167 0.140206
1 0.521671826625387 0.3752577319587629 0.108359 0.160825
1 0.3219814241486068 0.4298969072164949 0.303406 0.208247
1 0.11764705882352942 0.5381443298969072 0.235294 0.639175
0 0.5603715170278638 0.7247422680412371 0.458204 0.369072
