1 0.9325396825396824 0.275 0.126984 0.550000
1 0.753968253968254 0.55 0.309524 0.800000
1 0.5267857142857143 0.22083333333333333 0.049603 0.391667
1 0.46527777777777773 0.24166666666666667 0.077381 0.483333
1 0.39285714285714285 0.2916666666666667 0.087302 0.183333
1 0.2986111111111111 0.35833333333333334 0.105159 0.116667
0 0.37996031746031744 0.6270833333333333 0.295635 0.379167
1 0.19444444444444442 0.37916666666666665 0.119048 0.758333
1 0.30257936507936506 0.14375 0.089286 0.287500
1 0.03968253968253968 0.36875 0.079365 0.737500
1 0.10515873015873015 0.3333333333333333 0.130952 0.583333
