0 0.55 0.7629427792915531 0.267273 0.261580
1 0.96 0.6634877384196185 0.076364 0.269755
1 0.4318181818181818 0.22752043596730245 0.100000 0.302452
1 0.37545454545454543 0.2438692098092643 0.074545 0.335150
1 0.2590909090909091 0.12942779291553133 0.041818 0.117166
1 0.15545454545454546 0.2779291553133515 0.147273 0.555858
1 0.05090909090909091 0.4986376021798365 0.101818 0.997275
1 0.2827272727272727 0.7656675749318801 0.300000 0.463215
1 0.610909090909091 0.11307901907356947 0.036364 0.100817
1 0.6518181818181819 0.12125340599455041 0.041818 0.117166
1 0.75 0.08991825613079019 0.038182 0.081744
1 0.7181818181818181 0.10081743869209808 0.029091 0.087193
1 0.5654545454545454 0.08583106267029972 0.032727 0.073569
