1 0.5733333333333334 0.4252669039145907 0.355556 0.701068
1 0.7155555555555555 0.5177935943060498 0.093333 0.644128
1 0.7577777777777778 0.4875444839857651 0.097778 0.811388
1 0.8555555555555555 0.49288256227758004 0.177778 0.864769
1 0.9455555555555556 0.48398576512455516 0.104444 0.711744
1 0.3322222222222222 0.49644128113879 0.157778 0.765125
1 0.23444444444444446 0.48042704626334515 0.144444 0.854093
1 0.1322222222222222 0.5302491103202847 0.100000 0.768683
1 0.052222222222222225 0.5088967971530249 0.104444 0.854093
0 0.5166666666666667 0.8274021352313167 0.451111 0.266904
