0 0.17675675675675676 0.36952998379254454 0.130811 0.074554
0 0.10216216216216216 0.41572123176661263 0.111351 0.082658
0 0.041081081081081085 0.666936790923825 0.082162 0.179903
0 0.14486486486486486 0.9303079416531604 0.289730 0.136143
0 0.4345945945945946 0.8379254457050243 0.430270 0.320908
0 0.49945945945945946 0.7074554294975689 0.400000 0.351702
0 0.5762162162162162 0.6094003241491086 0.376216 0.259319
0 0.21027027027027026 0.5769854132901134 0.076757 0.061588
0 0.6389189189189189 0.49675850891410045 0.283243 0.199352
0 0.9335135135135135 0.440032414910859 0.083243 0.085900
0 0.6005405405405405 0.36871961102106965 0.042162 0.040519
0 0.08810810810810811 0.5299837925445705 0.081081 0.084279
