0 0.40625 0.7433962264150944 0.287500 0.294340
1 0.765 0.5037735849056604 0.210000 0.984906
1 0.7262500000000001 0.08113207547169811 0.072500 0.162264
1 0.7000000000000001 0.14528301886792452 0.055000 0.132075
1 0.67625 0.36415094339622645 0.067500 0.494340
1 0.60875 0.330188679245283 0.082500 0.471698
1 0.47375 0.23018867924528302 0.122500 0.218868
1 0.35875 0.2792452830188679 0.082500 0.241509
1 0.26 0.34150943396226413 0.055000 0.283019
1 0.10250000000000001 0.369811320754717 0.095000 0.347170
1 0.32625 0.49433962264150944 0.157500 0.188679
1 0.51 0.560377358490566 0.190000 0.252830
1 0.4575 0.39433962264150946 0.110000 0.116981
1 0.905 0.30566037735849055 0.090000 0.294340
