1 0.05204460966542751 0.2276536312849162 0.104089 0.455307
1 0.1524163568773234 0.20670391061452514 0.148699 0.413408
1 0.2936802973977695 0.24301675977653633 0.223048 0.480447
1 0.3903345724907063 0.2835195530726257 0.074349 0.215084
1 0.5074349442379182 0.09636871508379889 0.122677 0.192737
1 0.6245353159851301 0.08519553072625699 0.118959 0.164804
1 0.6951672862453532 0.10335195530726257 0.104089 0.201117
1 0.7453531598513011 0.08659217877094973 0.063197 0.162011
1 0.8977695167286245 0.21787709497206706 0.197026 0.435754
0 0.3066914498141264 0.7108938547486033 0.524164 0.572626
