0 0.5851735015772871 0.6385869565217391 0.378549 0.244565
0 0.9337539432176656 0.36141304347826086 0.129338 0.173913
1 0.7744479495268138 0.37364130434782605 0.141956 0.649457
1 0.8659305993690851 0.16847826086956522 0.132492 0.336957
1 0.695583596214511 0.08152173913043478 0.078864 0.163043
1 0.41009463722397477 0.09646739130434782 0.110410 0.192935
1 0.46056782334384855 0.5054347826086957 0.201893 0.739130
1 0.23501577287066244 0.4225543478260869 0.217666 0.709239
1 0.20425867507886436 0.4578804347826087 0.206625 0.692935
1 0.0362776025236593 0.26358695652173914 0.072555 0.527174
