0 0.16521739130434782 0.726530612244898 0.156522 0.391837
1 0.31884057971014496 0.6387755102040817 0.173913 0.559184
1 0.2710144927536232 0.29183673469387755 0.211594 0.281633
1 0.4797101449275362 0.5571428571428572 0.240580 0.820408
1 0.4797101449275362 0.05306122448979592 0.072464 0.106122
1 0.4797101449275362 0.11020408163265308 0.153623 0.220408
1 0.6043478260869565 0.10204081632653061 0.101449 0.179592
1 0.6652173913043479 0.11020408163265308 0.113043 0.220408
1 0.7246376811594203 0.5469387755102041 0.336232 0.751020
1 0.8420289855072464 0.2306122448979592 0.153623 0.387755
1 0.9014492753623189 0.7510204081632654 0.191304 0.489796
