0 0.14403973509933773 0.7488372093023256 0.281457 0.204651
1 0.17218543046357615 0.37906976744186044 0.086093 0.413953
1 0.26158940397350994 0.38139534883720927 0.092715 0.437209
1 0.36258278145695366 0.3953488372093023 0.069536 0.390698
1 0.4519867549668874 0.4069767441860465 0.082781 0.488372
1 0.5629139072847682 0.41627906976744183 0.092715 0.460465
1 0.6341059602649006 0.4046511627906977 0.102649 0.502326
1 0.7301324503311258 0.4604651162790698 0.076159 0.474419
1 0.7880794701986755 0.47674418604651164 0.112583 0.609302
1 0.9254966887417219 0.5325581395348837 0.129139 0.916279
1 0.8890728476821192 0.5627906976744186 0.096026 0.548837
