0 0.31711409395973156 0.5707762557077625 0.244966 0.210046
1 0.18624161073825504 0.4817351598173516 0.117450 0.351598
1 0.2751677852348993 0.32191780821917804 0.120805 0.388128
1 0.610738255033557 0.2237442922374429 0.140940 0.301370
1 0.5906040268456376 0.4611872146118721 0.114094 0.410959
1 0.7046979865771812 0.4246575342465753 0.120805 0.392694
1 0.7013422818791946 0.910958904109589 0.100671 0.159817
1 0.8238255033557047 0.7876712328767123 0.144295 0.378995
1 0.9697986577181208 0.2420091324200913 0.053691 0.283105
1 0.9060402684563759 0.07077625570776255 0.060403 0.141553
1 0.9697986577181208 0.0547945205479452 0.053691 0.109589
