0 0.5088105726872246 0.5785714285714286 0.242291 0.123810
1 0.9471365638766519 0.5773809523809524 0.099853 0.840476
1 0.9030837004405285 0.4773809523809524 0.158590 0.916667
1 0.7797356828193832 0.5083333333333334 0.232012 0.978571
1 0.6784140969162995 0.36904761904761907 0.170338 0.738095
1 0.6160058737151248 0.3261904761904762 0.063142 0.447619
1 0.5212922173274596 0.325 0.082232 0.483333
1 0.4133627019089574 0.3023809523809524 0.057269 0.380952
1 0.36563876651982374 0.2416666666666667 0.076358 0.421429
1 0.24302496328928044 0.4416666666666667 0.110132 0.273810
1 0.33700440528634357 0.5238095238095238 0.174743 0.304762
