0 0.8821052631578947 0.7088 0.208421 0.425600
0 0.7726315789473684 0.7384000000000001 0.202105 0.414400
0 0.6889473684210526 0.7696000000000001 0.173684 0.419200
0 0.5421052631578948 0.7304 0.193684 0.436800
0 0.3952631578947368 0.7304 0.150526 0.452800
0 0.2826315789473684 0.7256 0.232632 0.408000
0 0.15263157894736842 0.7304 0.267368 0.475200
0 0.07684210526315789 0.6712 0.147368 0.392000
0 0.11052631578947368 0.4904 0.153684 0.228800
0 0.2331578947368421 0.47200000000000003 0.100000 0.240000
0 0.38052631578947366 0.4736 0.131579 0.224000
0 0.5047368421052632 0.4712 0.114737 0.203200
0 0.5994736842105263 0.4656 0.093684 0.169600
0 0.6805263157894736 0.46 0.137895 0.171200
0 0.7836842105263158 0.444 0.146316 0.168000
0 0.6736842105263158 0.36960000000000004 0.075789 0.099200
1 0.4568421052631579 0.2 0.073684 0.288000
1 0.30473684210526314 0.4224 0.140000 0.272000
1 0.4294736842105263 0.42960000000000004 0.120000 0.353600
1 0.5394736842105263 0.44880000000000003 0.123158 0.289600
1 0.47789473684210526 0.3392 0.105263 0.147200
1 0.8647368421052631 0.18080000000000002 0.070526 0.233600
1 0.1926315789473684 0.2272 0.130526 0.268800
1 0.08526315789473685 0.33840000000000003 0.113684 0.196800
1 0.03894736842105263 0.3048 0.077895 0.257600
