1 0.13166666666666668 0.283289817232376 0.126667 0.436031
1 0.8250000000000001 0.13577023498694518 0.060000 0.167102
1 0.9766666666666667 0.3028720626631854 0.043333 0.417755
1 0.7441666666666668 0.05221932114882506 0.045000 0.104439
1 0.24500000000000002 0.17754569190600522 0.073333 0.193211
1 0.195 0.34203655352480417 0.060000 0.198433
1 0.07250000000000001 0.3172323759791123 0.068333 0.180157
1 0.32666666666666666 0.13315926892950392 0.073333 0.067885
1 0.39416666666666667 0.49869451697127937 0.311667 0.845953
1 0.40750000000000003 0.5652741514360313 0.338333 0.300261
1 0.7575000000000001 0.5352480417754569 0.308333 0.694517
1 0.7333333333333334 0.622715404699739 0.096667 0.430809
1 0.5516666666666667 0.39295039164490864 0.170000 0.274151
0 0.3383333333333334 0.758485639686684 0.560000 0.305483
