1 0.048882681564245814 0.36285097192224625 0.086592 0.345572
1 0.09497206703910614 0.3099352051835853 0.100559 0.278618
1 0.18435754189944134 0.3434125269978402 0.178771 0.501080
1 0.2611731843575419 0.3023758099352052 0.114525 0.254860
1 0.38966480446927376 0.3747300215982722 0.164804 0.438445
1 0.4399441340782123 0.22030237580993522 0.097765 0.116631
1 0.6201117318435755 0.41576673866090713 0.167598 0.473002
1 0.8058659217877095 0.2267818574514039 0.081006 0.051836
1 0.840782122905028 0.2408207343412527 0.072626 0.075594
1 0.8868715083798883 0.4265658747300216 0.220670 0.680346
0 0.2737430167597765 0.8012958963282938 0.547486 0.393089
