1 0.069375 0.14954954954954955 0.033750 0.068468
1 0.165 0.17927927927927928 0.062500 0.142342
1 0.24625 0.16396396396396395 0.050000 0.111712
1 0.274375 0.15405405405405406 0.041250 0.099099
1 0.304375 0.21981981981981982 0.028750 0.093694
1 0.349375 0.34234234234234234 0.091250 0.385586
1 0.240625 0.37027027027027026 0.138750 0.387387
1 0.1 0.33693693693693694 0.092500 0.335135
1 0.15 0.3936936936936937 0.060000 0.243243
1 0.68375 0.33153153153153153 0.085000 0.497297
0 0.49 0.5207207207207207 0.187500 0.190991
