0 0.5363036303630363 0.6655555555555556 0.610561 0.411111
1 0.0858085808580858 0.31444444444444447 0.171617 0.500000
1 0.036303630363036306 0.07555555555555556 0.046205 0.084444
1 0.13861386138613863 0.20222222222222222 0.138614 0.382222
1 0.16171617161716173 0.06 0.072607 0.097778
1 0.24422442244224424 0.10111111111111111 0.066007 0.135556
1 0.3333333333333333 0.16444444444444445 0.105611 0.293333
1 0.4570957095709571 0.17 0.128713 0.268889
1 0.5214521452145214 0.14 0.112211 0.280000
1 0.83003300330033 0.2922222222222222 0.333333 0.580000
