0 0.2670068027210884 0.4208144796380091 0.295918 0.226244
0 0.7346938775510203 0.5180995475113123 0.523810 0.366516
0 0.5918367346938775 0.7669683257918553 0.809524 0.447964
1 0.8095238095238095 0.4864253393665159 0.374150 0.864253
1 0.5017006802721088 0.28280542986425344 0.166667 0.312217
1 0.09183673469387754 0.15384615384615385 0.115646 0.298643
1 0.17857142857142858 0.16742081447963802 0.112245 0.334842
1 0.24149659863945577 0.12895927601809956 0.081633 0.167421
1 0.304421768707483 0.0497737556561086 0.071429 0.099548
1 0.6530612244897959 0.19683257918552038 0.136054 0.393665
1 0.9183673469387755 0.09728506787330318 0.149660 0.185520
1 0.2261904761904762 0.5226244343891403 0.445578 0.945701
1 0.7840136054421768 0.0497737556561086 0.125850 0.099548
