0 0.24770642201834864 0.6633333333333333 0.345566 0.460000
1 0.12232415902140673 0.2991666666666667 0.244648 0.371667
1 0.2607033639143731 0.48750000000000004 0.334862 0.775000
1 0.4304281345565749 0.49583333333333335 0.316514 0.808333
1 0.7125382262996942 0.49583333333333335 0.211009 0.871667
1 0.8608562691131498 0.5491666666666667 0.207951 0.765000
1 0.6750764525993884 0.18333333333333335 0.160550 0.210000
1 0.9288990825688074 0.5416666666666667 0.126911 0.743333
1 0.9051987767584098 0.12166666666666667 0.082569 0.116667
1 0.9755351681957186 0.24000000000000002 0.045872 0.116667
