1 0.11 0.739612188365651 0.220000 0.515235
1 0.08 0.39335180055401664 0.145455 0.204986
1 0.11727272727272728 0.2451523545706371 0.067273 0.141274
1 0.21181818181818182 0.33240997229916897 0.096364 0.265928
1 0.3290909090909091 0.6606648199445984 0.250909 0.673130
1 0.3109090909090909 0.2409972299168975 0.040000 0.083102
1 0.34 0.296398891966759 0.076364 0.110803
1 0.42 0.39058171745152354 0.116364 0.398892
1 0.5045454545454545 0.36426592797783935 0.107273 0.468144
1 0.5427272727272727 0.37534626038781166 0.041818 0.368421
1 0.5954545454545455 0.33518005540166207 0.056364 0.354571
1 0.7054545454545454 0.6385041551246537 0.218182 0.717452
1 0.6545454545454545 0.1703601108033241 0.036364 0.113573
1 0.6890909090909091 0.22022160664819945 0.054545 0.074792
1 0.7454545454545455 0.3379501385041551 0.072727 0.315789
1 0.7490909090909091 0.13850415512465375 0.032727 0.072022
1 0.8181818181818182 0.45013850415512463 0.109091 0.567867
1 0.8472727272727273 0.16897506925207756 0.050909 0.088643
1 0.9272727272727272 0.5955678670360111 0.134545 0.781163
1 0.9209090909090909 0.16897506925207756 0.089091 0.083102
1 0.9790909090909091 0.16620498614958448 0.038182 0.072022
1 0.9581818181818181 0.3767313019390582 0.080000 0.260388
0 0.52 0.8005540166204986 0.185455 0.221607
