1 0.21375 0.39333333333333337 0.167500 0.760000
1 0.3325 0.27 0.100000 0.433333
1 0.2625 0.18500000000000003 0.045000 0.163333
1 0.4675 0.2566666666666667 0.090000 0.406667
1 0.51875 0.11166666666666668 0.057500 0.170000
1 0.59375 0.23833333333333334 0.087500 0.410000
1 0.68375 0.17833333333333334 0.087500 0.296667
1 0.7675000000000001 0.195 0.095000 0.276667
1 0.81875 0.28500000000000003 0.102500 0.270000
1 0.87875 0.20333333333333334 0.042500 0.060000
1 0.9675 0.045000000000000005 0.045000 0.056667
1 0.9425 0.16 0.095000 0.173333
1 0.6825 0.5516666666666667 0.145000 0.396667
0 0.54 0.5983333333333334 0.165000 0.323333
