1 0.33146067415730335 0.5966666666666667 0.146067 0.613333
1 0.41292134831460675 0.4266666666666667 0.114232 0.440000
1 0.5140449438202247 0.5066666666666667 0.159176 0.486667
1 0.5608614232209738 0.46166666666666667 0.084270 0.450000
1 0.5177902621722846 0.23833333333333334 0.099251 0.216667
1 0.6245318352059925 0.21833333333333335 0.084270 0.176667
1 0.648876404494382 0.44833333333333336 0.080524 0.463333
1 0.6844569288389514 0.45 0.091760 0.473333
1 0.6226591760299626 0.505 0.102996 0.556667
0 0.4559925093632959 0.6583333333333333 0.162921 0.156667
