1 0.021 0.36075949367088606 0.038000 0.126582
1 0.063 0.3670886075949367 0.054000 0.126582
1 0.123 0.42088607594936706 0.074000 0.177215
1 0.246 0.3623417721518987 0.052000 0.117089
1 0.318 0.375 0.052000 0.079114
1 0.633 0.5981012658227848 0.138000 0.632911
1 0.758 0.5965189873417721 0.084000 0.541139
1 0.766 0.3259493670886076 0.032000 0.056962
1 0.803 0.3212025316455696 0.050000 0.060127
1 0.8290000000000001 0.439873417721519 0.070000 0.164557
1 0.8130000000000001 0.7041139240506329 0.118000 0.332278
0 0.458 0.7484177215189873 0.256000 0.218354
