1 0.05113636363636363 0.5742424242424242 0.102273 0.693939
0 0.5272727272727272 0.7606060606060606 0.268182 0.242424
1 0.1340909090909091 0.5878787878787879 0.172727 0.800000
1 0.2636363636363636 0.5924242424242424 0.113636 0.518182
1 0.3477272727272727 0.6318181818181818 0.136364 0.706061
1 0.4443181818181818 0.4484848484848485 0.093182 0.400000
1 0.7397727272727272 0.6878787878787879 0.188636 0.618182
1 0.7329545454545454 0.37727272727272726 0.138636 0.233333
1 0.8988636363636363 0.5924242424242424 0.165909 0.809091
1 0.9568181818181818 0.5757575757575758 0.081818 0.696970
