0 0.38625 0.7869955156950672 0.312500 0.192825
1 0.6275000000000001 0.6098654708520179 0.130000 0.322870
1 0.5025000000000001 0.5852017937219731 0.115000 0.318386
1 0.35125 0.547085201793722 0.127500 0.331839
1 0.20375000000000001 0.47757847533632286 0.102500 0.596413
1 0.33625 0.2600896860986547 0.052500 0.313901
1 0.295 0.2600896860986547 0.045000 0.260090
1 0.19125 0.10538116591928251 0.092500 0.174888
1 0.74625 0.5538116591928252 0.117500 0.811659
1 0.8575 0.2982062780269058 0.090000 0.363229
1 0.67125 0.2914798206278027 0.062500 0.322870
1 0.77125 0.21973094170403587 0.042500 0.080717
