1 0.05110220440881763 0.19333333333333333 0.102204 0.381333
1 0.2254509018036072 0.41866666666666663 0.194389 0.837333
1 0.3336673346693386 0.172 0.074148 0.296000
1 0.3697394789579158 0.08666666666666667 0.050100 0.082667
1 0.4318637274549098 0.152 0.086172 0.293333
1 0.5250501002004008 0.212 0.080160 0.285333
1 0.567134268537074 0.06799999999999999 0.068136 0.082667
1 0.6392785571142284 0.2613333333333333 0.088176 0.469333
1 0.7094188376753506 0.28933333333333333 0.040080 0.408000
1 0.7505010020040079 0.09999999999999999 0.050100 0.077333
1 0.7885771543086172 0.312 0.090180 0.544000
1 0.9048096192384769 0.35733333333333334 0.150301 0.677333
1 0.3687374749498998 0.352 0.140281 0.122667
1 0.5470941883767535 0.43466666666666665 0.132265 0.272000
1 0.3947895791583166 0.5519999999999999 0.244489 0.405333
1 0.7154308617234468 0.7093333333333333 0.248497 0.384000
0 0.4979959919839679 0.7693333333333333 0.298597 0.397333
