0 0.346875 0.5398437500000001 0.247917 0.217188
1 0.8416666666666667 0.32109375 0.125000 0.139063
1 0.6770833333333334 0.54609375 0.500000 0.626563
1 0.50625 0.3296875 0.141667 0.162500
1 0.5791666666666666 0.2765625 0.137500 0.162500
1 0.4947916666666667 0.23984375000000002 0.060417 0.054688
1 0.4895833333333333 0.1609375 0.075000 0.106250
1 0.43854166666666666 0.153125 0.047917 0.090625
1 0.5302083333333333 0.12890625 0.047917 0.048438
1 0.18333333333333332 0.20625000000000002 0.104167 0.212500
1 0.10625 0.18671875000000002 0.062500 0.148438
1 0.04791666666666666 0.23515625 0.095833 0.129688
1 0.1 0.08828125 0.058333 0.067187
1 0.15833333333333333 0.06953125 0.050000 0.057813
1 0.20208333333333334 0.44843750000000004 0.354167 0.353125
