0 0.5965189873417721 0.703883495145631 0.370253 0.281553
1 0.03322784810126582 0.15776699029126212 0.053797 0.169903
1 0.06487341772151899 0.38834951456310673 0.129747 0.533981
1 0.12974683544303797 0.2621359223300971 0.088608 0.398058
1 0.1930379746835443 0.27427184466019416 0.069620 0.325243
1 0.25316455696202533 0.2669902912621359 0.069620 0.330097
1 0.3322784810126582 0.31796116504854366 0.056962 0.208738
1 0.30063291139240506 0.1407766990291262 0.063291 0.155340
1 0.36550632911392406 0.19417475728155337 0.072785 0.271845
1 0.41455696202531644 0.2087378640776699 0.050633 0.203883
1 0.5427215189873418 0.3228155339805825 0.110759 0.451456
1 0.680379746835443 0.2815533980582524 0.094937 0.417476
1 0.8085443037974683 0.29854368932038833 0.053797 0.402913
1 0.8670886075949367 0.28398058252427183 0.044304 0.344660
1 0.9272151898734177 0.3495145631067961 0.088608 0.553398
1 0.9651898734177216 0.16262135922330095 0.056962 0.160194
