0 0.30363636363636365 0.7873563218390804 0.287273 0.250575
1 0.8290909090909091 0.6448275862068965 0.338182 0.705747
1 0.7563636363636363 0.41954022988505746 0.152727 0.512644
1 0.7118181818181818 0.22873563218390805 0.045455 0.075862
1 0.5818181818181818 0.4482758620689655 0.247273 0.786207
1 0.4381818181818182 0.5022988505747127 0.116364 0.406897
1 0.41 0.23563218390804597 0.100000 0.195402
1 0.3190909090909091 0.3080459770114943 0.107273 0.266667
1 0.19545454545454546 0.4747126436781609 0.161818 0.558621
1 0.12 0.3563218390804598 0.043636 0.073563
1 0.04727272727272727 0.3252873563218391 0.094545 0.200000
