1 0.8168421052631579 0.5074626865671642 0.364211 0.859701
1 0.11684210526315789 0.48507462686567165 0.227368 0.955224
1 0.25684210526315787 0.22238805970149253 0.227368 0.444776
1 0.5847368421052631 0.20671641791044776 0.182105 0.398507
1 0.881578947368421 0.07014925373134329 0.064211 0.140299
1 0.9315789473684211 0.07014925373134329 0.050526 0.140299
1 0.97 0.11641791044776119 0.057895 0.229851
0 0.45789473684210524 0.691044776119403 0.701053 0.414925
0 0.7321052631578947 0.5798507462686567 0.253684 0.276119
0 0.3836842105263158 0.48955223880597015 0.453684 0.164179
