0 0.5118764845605701 0.9241666666666667 0.971496 0.138333
0 0.5522565320665084 0.7616666666666667 0.885986 0.170000
0 0.5463182897862233 0.6325000000000001 0.902613 0.121667
0 0.06294536817102138 0.5900000000000001 0.125891 0.096667
0 0.1306413301662708 0.52 0.261283 0.133333
0 0.22209026128266035 0.4416666666666667 0.444181 0.166667
0 0.3099762470308789 0.4 0.339667 0.126667
0 0.43824228028503565 0.38333333333333336 0.301663 0.113333
0 0.43824228028503565 0.3433333333333334 0.273159 0.063333
0 0.49049881235154397 0.2966666666666667 0.277910 0.046667
