0 0.4627272727272727 0.5187878787878788 0.750909 0.213333
0 0.5036363636363637 0.2884848484848485 0.760000 0.290909
0 0.6245454545454545 0.7915151515151515 0.747273 0.254545
1 0.8 0.1315151515151515 0.181818 0.260606
1 0.9472727272727273 0.1296969696969697 0.101818 0.249697
1 0.6345454545454545 0.1296969696969697 0.221818 0.259394
1 0.45181818181818184 0.12303030303030303 0.154545 0.246061
1 0.30454545454545456 0.1321212121212121 0.147273 0.252121
1 0.15818181818181817 0.11696969696969697 0.160000 0.231515
1 0.05272727272727273 0.12606060606060607 0.090909 0.249697
