1 0.2672727272727273 0.21480582524271843 0.050909 0.133495
1 0.21818181818181817 0.21359223300970873 0.054545 0.145631
1 0.18636363636363637 0.24757281553398056 0.038182 0.111650
1 0.17272727272727273 0.19053398058252424 0.043636 0.114078
1 0.13272727272727272 0.2233009708737864 0.047273 0.165049
1 0.07545454545454545 0.23543689320388347 0.041818 0.223301
1 0.09454545454545454 0.15898058252427183 0.025455 0.041262
1 0.04454545454545455 0.22815533980582522 0.045455 0.184466
1 0.8809090909090909 0.16383495145631066 0.027273 0.050971
1 0.6718181818181819 0.1966019417475728 0.027273 0.077670
1 0.7354545454545455 0.279126213592233 0.096364 0.446602
1 0.62 0.3810679611650485 0.123636 0.116505
0 0.5572727272727273 0.4514563106796116 0.169091 0.135922
