1 0.05799373040752351 0.375609756097561 0.115987 0.536585
1 0.1347962382445141 0.17317073170731706 0.056426 0.082927
1 0.21786833855799373 0.4317073170731707 0.210031 0.707317
1 0.35893416927899685 0.3804878048780488 0.078370 0.585366
1 0.5235109717868338 0.36829268292682926 0.119122 0.502439
1 0.670846394984326 0.3829268292682927 0.112853 0.541463
1 0.786833855799373 0.424390243902439 0.112853 0.458537
1 0.8322884012539185 0.2731707317073171 0.059561 0.117073
1 0.9373040752351097 0.5195121951219512 0.112853 0.687805
0 0.5031347962382445 0.7146341463414634 0.191223 0.268293
