1 0.09583333333333334 0.33611111111111114 0.075000 0.300000
1 0.12250000000000001 0.23611111111111113 0.038333 0.055556
1 0.1675 0.2638888888888889 0.048333 0.172222
1 0.19 0.4763888888888889 0.076667 0.508333
1 0.22333333333333336 0.23333333333333334 0.050000 0.088889
1 0.25583333333333336 0.22222222222222224 0.035000 0.061111
1 0.2891666666666667 0.19444444444444445 0.058333 0.094444
1 0.31083333333333335 0.48055555555555557 0.108333 0.505556
1 0.3766666666666667 0.4652777777777778 0.106667 0.547222
1 0.3925 0.3791666666666667 0.055000 0.336111
1 0.5708333333333334 0.4861111111111111 0.148333 0.555556
1 0.6583333333333333 0.47222222222222227 0.086667 0.544444
1 0.895 0.44722222222222224 0.190000 0.555556
0 0.76 0.6416666666666667 0.233333 0.183333
0 0.45833333333333337 0.5708333333333333 0.106667 0.336111
0 0.0825 0.638888888888889 0.165000 0.277778
