0 0.5216666666666667 0.7744807121661721 0.216667 0.118694
0 0.6491666666666667 0.755192878338279 0.091667 0.151335
0 0.7741666666666667 0.7373887240356083 0.171667 0.080119
0 0.7058333333333334 0.6721068249258161 0.101667 0.103858
0 0.7816666666666667 0.6735905044510386 0.086667 0.077151
0 0.8350000000000001 0.6231454005934718 0.103333 0.094955
0 0.36000000000000004 0.7091988130563799 0.110000 0.094955
0 0.24916666666666668 0.8130563798219584 0.128333 0.166172
0 0.13583333333333333 0.7359050445103857 0.168333 0.112760
0 0.1 0.6379821958456974 0.113333 0.124629
0 0.24166666666666667 0.612759643916914 0.140000 0.062315
0 0.2675 0.6750741839762612 0.118333 0.068249
0 0.38583333333333336 0.6216617210682492 0.121667 0.062315
0 0.47250000000000003 0.6572700296735905 0.135000 0.097923
0 0.5775 0.6824925816023739 0.111667 0.094955
0 0.6033333333333334 0.5934718100890208 0.110000 0.106825
