0 0.509 0.5105421686746988 0.090000 0.135542
1 0.228 0.871987951807229 0.084000 0.250000
1 0.606 0.6686746987951807 0.060000 0.259036
1 0.656 0.6792168674698795 0.060000 0.237952
1 0.734 0.7243975903614458 0.060000 0.243976
1 0.972 0.7409638554216867 0.052000 0.265060
1 0.87 0.18222891566265062 0.032000 0.105422
1 0.839 0.17620481927710843 0.038000 0.111446
1 0.927 0.11144578313253013 0.034000 0.108434
1 0.931 0.4367469879518073 0.046000 0.162651
1 0.895 0.4231927710843374 0.030000 0.177711
1 0.866 0.42620481927710846 0.040000 0.183735
1 0.541 0.4563253012048193 0.042000 0.183735
1 0.488 0.5135542168674699 0.036000 0.105422
