1 0.16869918699186995 0.3867924528301887 0.337398 0.494340
1 0.0975609756097561 0.2641509433962264 0.195122 0.369811
1 0.2682926829268293 0.1867924528301887 0.268293 0.373585
1 0.1321138211382114 0.07735849056603773 0.093496 0.154717
1 0.4044715447154472 0.1641509433962264 0.223577 0.328302
1 0.5264227642276423 0.18867924528301888 0.239837 0.377358
1 0.6646341463414634 0.20754716981132076 0.247967 0.415094
1 0.8089430894308944 0.22075471698113208 0.235772 0.441509
1 0.8963414634146343 0.24716981132075472 0.199187 0.494340
0 0.5548780487804879 0.7320754716981133 0.483740 0.490566
