1 0.05769230769230769 0.46634615384615385 0.115385 0.596154
1 0.15064102564102563 0.125 0.256410 0.250000
1 0.41025641025641024 0.057692307692307696 0.198718 0.115385
1 0.6041666666666666 0.06971153846153846 0.144231 0.139423
1 0.6939102564102564 0.10576923076923078 0.086538 0.192308
1 0.7948717948717948 0.3004807692307693 0.211538 0.370192
1 0.844551282051282 0.12740384615384617 0.131410 0.254808
1 0.9342948717948718 0.13701923076923078 0.125000 0.274038
1 0.5769230769230769 0.34855769230769235 0.519231 0.466346
0 0.5192307692307692 0.7067307692307693 0.955128 0.336538
