0 0.28054298642533937 0.8169491525423729 0.561086 0.250847
1 0.9366515837104074 0.3644067796610169 0.099548 0.532203
1 0.7579185520361992 0.5101694915254237 0.248869 0.837288
1 0.5972850678733033 0.3932203389830508 0.180995 0.420339
1 0.5610859728506787 0.1864406779661017 0.072398 0.067797
1 0.4570135746606335 0.22033898305084745 0.099548 0.230508
1 0.49773755656108604 0.4711864406779661 0.108597 0.271186
1 0.3823529411764706 0.40338983050847455 0.194570 0.542373
1 0.23076923076923078 0.43728813559322033 0.190045 0.650847
1 0.08371040723981901 0.3983050847457627 0.140271 0.545763
