1 0.0679886685552408 0.35945945945945945 0.135977 0.718919
1 0.1331444759206799 0.3162162162162162 0.090652 0.621622
1 0.20254957507082155 0.34594594594594597 0.133144 0.670270
1 0.37252124645892354 0.2648648648648649 0.065156 0.475676
1 0.4475920679886686 0.1837837837837838 0.067989 0.345946
1 0.48583569405099153 0.11891891891891893 0.042493 0.227027
1 0.5254957507082153 0.1864864864864865 0.048159 0.372973
1 0.5708215297450425 0.22162162162162163 0.048159 0.443243
1 0.6274787535410765 0.2756756756756757 0.070822 0.497297
1 0.6798866855524079 0.25135135135135134 0.067989 0.491892
1 0.5070821529745043 0.4621621621621622 0.175637 0.254054
0 0.6997167138810199 0.6081081081081081 0.379603 0.210811
