1 0.6144444444444445 0.1281645569620253 0.055556 0.110759
1 0.6777777777777778 0.11392405063291139 0.040000 0.063291
1 0.7288888888888889 0.10284810126582278 0.040000 0.060127
1 0.6555555555555556 0.19462025316455697 0.044444 0.091772
1 0.6888888888888889 0.22151898734177214 0.057778 0.126582
1 0.7622222222222222 0.2310126582278481 0.066667 0.088608
1 0.83 0.21360759493670886 0.064444 0.142405
1 0.9033333333333333 0.3275316455696202 0.086667 0.224684
1 0.8288888888888889 0.550632911392405 0.164444 0.525316
1 0.5077777777777778 0.7278481012658228 0.233333 0.531646
1 0.13555555555555557 0.7816455696202531 0.271111 0.430380
1 0.19 0.4873417721518987 0.273333 0.670886
1 0.37 0.47943037974683544 0.140000 0.623418
