1 0.0207631874298541 0.21235194585448391 0.037037 0.333333
1 0.053310886644219985 0.2529610829103215 0.057239 0.072758
1 0.13131313131313133 0.08629441624365482 0.042649 0.098139
1 0.15263748597081933 0.10152284263959391 0.053872 0.030457
1 0.5016835016835017 0.15143824027072758 0.051627 0.191201
1 0.5499438832772167 0.155668358714044 0.053872 0.155668
1 0.3400673400673401 0.15228426395939085 0.062851 0.152284
1 0.7199775533108868 0.5812182741116751 0.319865 0.519459
1 0.1661054994388328 0.4780033840947546 0.244669 0.766497
1 0.7446689113355781 0.2419627749576988 0.061728 0.138748
1 0.8063973063973064 0.2563451776649746 0.077441 0.130288
1 0.8900112233445567 0.20727580372250423 0.094276 0.384095
0 0.3905723905723906 0.29441624365482233 0.181818 0.074450
0 0.6801346801346801 0.2707275803722504 0.078563 0.111675
0 0.9494949494949496 0.4086294416243655 0.085297 0.096447
0 0.3170594837261504 0.25549915397631134 0.131313 0.060914
