0 0.7255125284738041 0.7100977198697068 0.535308 0.557003
1 0.16400911161731208 0.754885993485342 0.328018 0.229642
1 0.40660592255125283 0.4226384364820847 0.485194 0.418567
1 0.28815489749430523 0.3395765472312704 0.330296 0.314332
1 0.07630979498861047 0.23697068403908797 0.152620 0.467427
1 0.36104783599088835 0.0985342019543974 0.116173 0.197068
1 0.7050113895216401 0.30130293159609123 0.271071 0.325733
1 0.7904328018223234 0.20765472312703584 0.277904 0.415309
1 0.5694760820045558 0.04071661237785017 0.072893 0.081433
1 0.6355353075170842 0.04804560260586319 0.063781 0.096091
1 0.15375854214123005 0.15553745928338764 0.093394 0.311075
