1 0.018367346938775512 0.43579234972677594 0.036735 0.297814
1 0.08673469387755103 0.4713114754098361 0.079592 0.248634
1 0.1306122448979592 0.7295081967213115 0.077551 0.322404
1 0.20612244897959187 0.4426229508196721 0.069388 0.065574
1 0.2122448979591837 0.6434426229508197 0.069388 0.325137
1 0.28163265306122454 0.6994535519125683 0.081633 0.387978
1 0.35102040816326535 0.5040983606557377 0.077551 0.270492
1 0.41734693877551027 0.639344262295082 0.067347 0.338798
1 0.5112244897959184 0.8387978142076503 0.100000 0.251366
1 0.5204081632653061 0.6065573770491803 0.089796 0.262295
1 0.5581632653061225 0.42213114754098363 0.075510 0.122951
1 0.6377551020408164 0.7008196721311475 0.071429 0.314208
1 0.7571428571428572 0.6379781420765027 0.089796 0.303279
1 0.9285714285714286 0.6775956284153005 0.093878 0.311475
1 0.9632653061224491 0.4959016393442623 0.048980 0.095628
1 0.8693877551020409 0.5491803278688525 0.065306 0.300546
1 0.8204081632653062 0.43306010928961747 0.061224 0.210383
0 0.6744897959183674 0.48770491803278687 0.181633 0.172131
0 0.41530612244897963 0.4931693989071038 0.091837 0.133880
