0 0.5018281535648994 0.6224489795918368 0.484461 0.661808
1 0.12248628884826325 0.4941690962099125 0.244973 0.988338
1 0.23308957952468007 0.4956268221574344 0.111517 0.758017
1 0.3446069469835466 0.28717201166180756 0.111517 0.341108
1 0.5904936014625228 0.3177842565597668 0.171846 0.367347
1 0.5127970749542962 0.6151603498542274 0.053016 0.192420
1 0.5676416819012797 0.6107871720116618 0.063985 0.212828
1 0.7422303473491774 0.4446064139941691 0.285192 0.889213
1 0.9012797074954296 0.46647230320699706 0.193784 0.932945
1 0.8683729433272395 0.5728862973760933 0.084095 0.271137
