0 0.7290909090909091 0.8567639257294429 0.538182 0.281167
0 0.23727272727272727 0.8978779840848806 0.474545 0.198939
0 0.7027272727272728 0.9615384615384615 0.478182 0.071618
0 0.35545454545454547 0.7082228116710875 0.350909 0.217507
0 0.35454545454545455 0.6087533156498673 0.327273 0.129973
0 0.14909090909090908 0.5848806366047745 0.298182 0.167109
0 0.11090909090909092 0.5543766578249336 0.221818 0.137931
0 0.10727272727272727 0.4641909814323607 0.178182 0.058355
0 0.26272727272727275 0.43103448275862066 0.100000 0.071618
0 0.25 0.383289124668435 0.085455 0.050398
0 0.32 0.4986737400530504 0.196364 0.095491
0 0.7972727272727272 0.7400530503978779 0.390909 0.259947
0 0.52 0.5251989389920424 0.341818 0.190981
0 0.9445454545454546 0.5610079575596817 0.103636 0.119363
0 0.82 0.4615384615384615 0.225455 0.063660
0 0.9036363636363637 0.4960212201591512 0.145455 0.063660
0 0.3527272727272727 0.3793103448275862 0.072727 0.063660
0 0.39545454545454545 0.4376657824933687 0.067273 0.068966
0 0.46 0.43368700265251986 0.069091 0.061008
0 0.56 0.4615384615384615 0.087273 0.063660
0 0.47 0.36604774535809015 0.063636 0.031830
0 0.5109090909090909 0.4151193633952254 0.065455 0.050398
0 0.6236363636363637 0.3647214854111406 0.047273 0.050398
0 0.6354545454545455 0.4151193633952254 0.052727 0.050398
0 0.7236363636363636 0.3938992042440318 0.065455 0.066313
0 0.7327272727272727 0.6206896551724138 0.374545 0.212202
0 0.41363636363636364 0.36870026525198935 0.041818 0.047745
