1 0.05386178861788619 0.7944444444444445 0.107724 0.374074
1 0.1717479674796748 0.7388888888888889 0.152439 0.477778
1 0.10873983739837399 0.4759259259259259 0.091463 0.174074
1 0.20731707317073172 0.3148148148148148 0.093496 0.281481
1 0.30284552845528456 0.34444444444444444 0.081301 0.407407
1 0.38821138211382117 0.4 0.093496 0.333333
1 0.4156504065040651 0.2351851851851852 0.067073 0.181481
1 0.4908536585365854 0.31851851851851853 0.075203 0.251852
1 0.5304878048780488 0.20185185185185187 0.065041 0.151852
1 0.6056910569105691 0.27592592592592596 0.081301 0.225926
0 0.5497967479674797 0.5222222222222223 0.168699 0.170370
0 0.7865853658536586 0.4351851851851852 0.207317 0.248148
