0 0.6144444444444445 0.6483679525222552 0.153333 0.192878
0 0.46111111111111114 0.5816023738872403 0.077778 0.166172
0 0.3922222222222222 0.6231454005934718 0.060000 0.136499
0 0.32666666666666666 0.658753709198813 0.182222 0.201780
0 0.2688888888888889 0.6083086053412463 0.128889 0.154303
0 0.12 0.6750741839762612 0.217778 0.240356
1 0.4388888888888889 0.5207715133531158 0.046667 0.127596
1 0.39555555555555555 0.5252225519287834 0.053333 0.118694
1 0.1988888888888889 0.4821958456973294 0.073333 0.287834
1 0.04111111111111111 0.5237388724035609 0.042222 0.127596
