1 0.758 0.5396600566572238 0.128000 0.733711
1 0.6880000000000001 0.48441926345609065 0.180000 0.158640
1 0.598 0.23796033994334279 0.124000 0.181303
1 0.522 0.5042492917847026 0.124000 0.770538
1 0.265 0.6954674220963173 0.194000 0.416431
0 0.596 0.8016997167138811 0.248000 0.249292
1 0.323 0.056657223796033995 0.078000 0.079320
1 0.787 0.0481586402266289 0.102000 0.096317
1 0.916 0.05240793201133145 0.112000 0.099150
1 0.706 0.0509915014164306 0.084000 0.101983
1 0.605 0.04107648725212465 0.110000 0.082153
1 0.468 0.046742209631728045 0.112000 0.093484
1 0.226 0.05240793201133145 0.108000 0.099150
1 0.041 0.05524079320113315 0.082000 0.093484
