1 0.23681640625 0.4406158357771261 0.086914 0.350440
1 0.12939453125 0.6466275659824047 0.247070 0.337243
1 0.39111328125 0.5645161290322581 0.083008 0.601173
1 0.3076171875 0.5535190615835777 0.072266 0.538123
1 0.46630859375 0.5205278592375366 0.083008 0.689150
1 0.50927734375 0.27052785923753664 0.036133 0.104106
1 0.5712890625 0.5608504398826979 0.117188 0.655425
1 0.68994140625 0.5439882697947214 0.114258 0.689150
1 0.798828125 0.5813782991202346 0.123047 0.690616
1 0.92138671875 0.5542521994134897 0.104492 0.651026
0 0.22119140625 0.8636363636363636 0.204102 0.178886
