1 0.2525 0.11 0.100000 0.213333
1 0.40125 0.09000000000000001 0.102500 0.180000
1 0.5075000000000001 0.13333333333333333 0.105000 0.260000
1 0.5962500000000001 0.09833333333333334 0.052500 0.196667
1 0.69125 0.135 0.102500 0.243333
1 0.8125 0.16833333333333333 0.110000 0.316667
1 0.9087500000000001 0.12000000000000001 0.047500 0.240000
1 0.97375 0.275 0.047500 0.156667
1 0.9775 0.5516666666666667 0.040000 0.243333
1 0.92 0.8700000000000001 0.145000 0.253333
1 0.62 0.3066666666666667 0.165000 0.253333
1 0.27875 0.42500000000000004 0.222500 0.470000
1 0.43625 0.33 0.182500 0.173333
0 0.4825 0.5933333333333334 0.280000 0.580000
