0 0.677 0.7841945288753799 0.406000 0.188450
1 0.061 0.44832826747720367 0.122000 0.671733
1 0.268 0.46808510638297873 0.112000 0.468085
1 0.137 0.4574468085106383 0.078000 0.501520
1 0.212 0.49240121580547114 0.052000 0.364742
1 0.394 0.5015197568389058 0.044000 0.297872
1 0.427 0.513677811550152 0.046000 0.322188
1 0.468 0.5106382978723404 0.060000 0.322188
1 0.531 0.5075987841945289 0.054000 0.425532
1 0.663 0.4908814589665653 0.062000 0.379939
1 0.878 0.49544072948328266 0.032000 0.103343
1 0.977 0.5121580547112462 0.030000 0.106383
