1 0.2353515625 0.4372964169381108 0.130859 0.539088
1 0.375 0.2907166123778502 0.091797 0.428339
1 0.47412109375 0.6115635179153095 0.106445 0.565147
1 0.462890625 0.3729641693811075 0.023438 0.071661
1 0.30419921875 0.41123778501628666 0.045898 0.073290
1 0.3447265625 0.4682410423452769 0.060547 0.096091
1 0.65380859375 0.5822475570032574 0.139648 0.607492
1 0.73388671875 0.486156351791531 0.120117 0.561889
1 0.80322265625 0.21661237785016288 0.073242 0.410423
1 0.84912109375 0.510586319218241 0.104492 0.542345
1 0.8798828125 0.24674267100977199 0.031250 0.092834
1 0.90673828125 0.5602605863192183 0.081055 0.570033
1 0.955078125 0.36563517915309446 0.087891 0.545603
0 0.3505859375 0.6074918566775245 0.134766 0.143322
