1 0.025833333333333337 0.5078328981723238 0.051667 0.315927
1 0.16166666666666668 0.4556135770234987 0.080000 0.174935
1 0.37333333333333335 0.45300261096605743 0.083333 0.164491
1 0.5466666666666667 0.42950391644908614 0.113333 0.242820
1 0.7025 0.49738903394255873 0.141667 0.159269
1 0.8333333333333334 0.5378590078328982 0.080000 0.391645
1 0.39583333333333337 0.31462140992167104 0.181667 0.357702
1 0.10166666666666667 0.0926892950391645 0.116667 0.169713
1 0.21333333333333335 0.07180156657963446 0.096667 0.138381
1 0.36833333333333335 0.05613577023498695 0.093333 0.112272
1 0.47750000000000004 0.11357702349869452 0.081667 0.180157
1 0.5900000000000001 0.08224543080939947 0.090000 0.164491
1 0.53 0.03524804177545692 0.043333 0.070496
1 0.8641666666666667 0.09007832898172324 0.058333 0.164491
1 0.7566666666666667 0.06919060052219321 0.123333 0.117493
1 0.9333333333333333 0.49869451697127937 0.130000 0.997389
0 0.23583333333333334 0.5221932114882507 0.325000 0.527415
0 0.44583333333333336 0.664490861618799 0.328333 0.263708
