1 0.085 0.12666666666666665 0.082000 0.136000
1 0.171 0.23466666666666666 0.078000 0.272000
1 0.177 0.5066666666666666 0.110000 0.133333
1 0.08600000000000001 0.6773333333333333 0.112000 0.144000
1 0.279 0.956 0.114000 0.082667
1 0.729 0.44266666666666665 0.106000 0.293333
1 0.724 0.24133333333333332 0.080000 0.125333
1 0.781 0.16799999999999998 0.062000 0.218667
1 0.779 0.052 0.066000 0.072000
1 0.44 0.05333333333333333 0.072000 0.090667
1 0.328 0.104 0.064000 0.101333
1 0.297 0.20666666666666667 0.094000 0.104000
