0 0.6339712918660286 0.7138263665594855 0.564593 0.244373
1 0.20095693779904306 0.2170418006430868 0.157895 0.421222
1 0.34330143540669855 0.2315112540192926 0.150718 0.456592
1 0.43421052631578944 0.1607717041800643 0.107656 0.282958
1 0.6028708133971291 0.18167202572347266 0.196172 0.344051
1 0.7655502392344498 0.21382636655948553 0.095694 0.395498
1 0.8576555023923444 0.21543408360128616 0.131579 0.418006
1 0.950956937799043 0.2733118971061093 0.093301 0.540193
1 0.9629186602870813 0.5916398713826366 0.069378 0.617363
1 0.5047846889952153 0.4533762057877814 0.354067 0.270096
1 0.1590909090909091 0.25562700964630225 0.188995 0.215434
