1 0.12453531598513011 0.10335195530726257 0.122677 0.206704
1 0.7100371747211895 0.06983240223463687 0.081784 0.139665
1 0.8308550185873605 0.1340782122905028 0.078067 0.234637
1 0.9163568773234201 0.17597765363128492 0.092937 0.351955
1 0.9646840148698884 0.6089385474860335 0.063197 0.312849
1 0.38104089219330856 0.22905027932960895 0.100372 0.111732
1 0.19144981412639403 0.611731843575419 0.353160 0.698324
1 0.49814126394052044 0.4553072625698324 0.223048 0.519553
1 0.7769516728624535 0.5810055865921788 0.319703 0.815642
0 0.4219330855018587 0.8519553072625698 0.405204 0.284916
