0 0.3220779220779221 0.7706766917293233 0.400000 0.436090
1 0.9493506493506494 0.41353383458646614 0.096104 0.646617
1 0.8428571428571429 0.3458646616541353 0.122078 0.511278
1 0.7168831168831169 0.36466165413533835 0.083117 0.593985
1 0.6363636363636364 0.35526315789473684 0.093506 0.477444
1 0.5051948051948052 0.3026315789473684 0.116883 0.409774
1 0.36103896103896105 0.3571428571428571 0.103896 0.428571
1 0.23636363636363636 0.38533834586466165 0.098701 0.469925
1 0.11818181818181818 0.44360902255639095 0.194805 0.796992
1 0.04415584415584416 0.47368421052631576 0.088312 0.451128
