1 0.019333333333333334 0.08035714285714285 0.038667 0.085714
1 0.04 0.15892857142857142 0.058667 0.135714
1 0.32866666666666666 0.07857142857142857 0.038667 0.067857
1 0.36266666666666664 0.09464285714285714 0.032000 0.078571
1 0.39066666666666666 0.09285714285714286 0.061333 0.132143
1 0.432 0.11071428571428571 0.056000 0.164286
1 0.4766666666666666 0.09910714285714285 0.025333 0.119643
1 0.516 0.08303571428571428 0.029333 0.091071
1 0.7373333333333333 0.42589285714285713 0.242667 0.391071
1 0.636 0.21339285714285713 0.189333 0.419643
1 0.20133333333333334 0.43660714285714286 0.242667 0.858929
1 0.42266666666666663 0.34375 0.178667 0.198214
0 0.39266666666666666 0.5821428571428571 0.236000 0.453571
