1 0.27375 0.7132616487455197 0.297500 0.566308
1 0.4975 0.5878136200716846 0.230000 0.437276
1 0.61125 0.5645161290322581 0.117500 0.297491
1 0.70125 0.43548387096774194 0.102500 0.598566
1 0.77375 0.2222222222222222 0.057500 0.114695
1 0.76125 0.33154121863799285 0.042500 0.103943
1 0.8075 0.482078853046595 0.110000 0.383513
1 0.82875 0.25806451612903225 0.047500 0.071685
1 0.8925000000000001 0.45878136200716846 0.090000 0.508961
1 0.9425 0.5017921146953405 0.110000 0.931900
1 0.0675 0.4982078853046595 0.135000 0.996416
1 0.20375000000000001 0.2724014336917563 0.167500 0.523297
1 0.36875 0.25268817204301075 0.192500 0.297491
1 0.47125 0.22043010752688172 0.057500 0.297491
1 0.5425 0.25089605734767023 0.080000 0.236559
1 0.61 0.2168458781362007 0.085000 0.254480
0 0.5387500000000001 0.8530465949820788 0.327500 0.279570
