1 0.11085972850678734 0.1966101694915254 0.221719 0.393220
1 0.23529411764705885 0.1271186440677966 0.153846 0.220339
1 0.3484162895927602 0.14067796610169492 0.135747 0.138983
1 0.31674208144796384 0.03559322033898305 0.135747 0.071186
1 0.8122171945701359 0.6322033898305085 0.366516 0.545763
1 0.66289592760181 0.15254237288135591 0.212670 0.305085
1 0.5248868778280543 0.06101694915254237 0.108597 0.122034
1 0.4796380090497738 0.15254237288135591 0.126697 0.122034
1 0.5701357466063349 0.4067796610169491 0.271493 0.271186
1 0.30316742081447967 0.42033898305084744 0.280543 0.230508
1 0.33257918552036203 0.788135593220339 0.457014 0.416949
0 0.4208144796380091 0.6728813559322033 0.841629 0.376271
