1 0.18588235294117644 0.3770833333333333 0.056471 0.312500
1 0.2541176470588235 0.4270833333333333 0.080000 0.512500
1 0.35882352941176465 0.3833333333333333 0.054118 0.358333
1 0.40823529411764703 0.2708333333333333 0.044706 0.166667
1 0.4835294117647058 0.29791666666666666 0.044706 0.129167
1 0.4329411764705882 0.50625 0.141176 0.279167
1 0.5658823529411764 0.39166666666666666 0.082353 0.458333
1 0.6529411764705881 0.44375 0.091765 0.629167
1 0.72 0.37916666666666665 0.051765 0.316667
1 0.776470588235294 0.4 0.056471 0.391667
1 0.8564705882352941 0.4083333333333333 0.070588 0.400000
0 0.44588235294117645 0.63125 0.308235 0.187500
