0 0.22604166666666667 0.7769516728624535 0.422917 0.342007
0 0.8260416666666667 0.5929368029739777 0.327083 0.464684
1 0.0625 0.3847583643122676 0.125000 0.769517
1 0.10625 0.3550185873605948 0.075000 0.710037
1 0.16145833333333334 0.3494423791821561 0.227083 0.691450
1 0.359375 0.30297397769516726 0.131250 0.553903
1 0.48541666666666666 0.3550185873605948 0.150000 0.457249
1 0.5947916666666666 0.3847583643122676 0.143750 0.472119
1 0.7229166666666667 0.25464684014869887 0.120833 0.457249
1 0.8083333333333333 0.3754646840148699 0.083333 0.200743
1 0.9166666666666666 0.34014869888475835 0.150000 0.531599
