0 0.572790294627383 0.33666666666666667 0.667244 0.553333
0 0.4185441941074523 0.6822222222222222 0.830156 0.355556
1 0.6975736568457539 0.16777777777777778 0.119584 0.180000
1 0.4748700173310225 0.2011111111111111 0.253033 0.402222
1 0.34662045060658575 0.0811111111111111 0.079723 0.091111
1 0.2487001733102253 0.18444444444444444 0.109185 0.177778
1 0.17157712305025996 0.14333333333333334 0.076256 0.166667
1 0.01993067590987868 0.19777777777777777 0.039861 0.213333
1 0.8951473136915078 0.38333333333333336 0.202773 0.766667
1 0.09792027729636048 0.04777777777777778 0.119584 0.095556
1 0.9098786828422877 0.18666666666666668 0.076256 0.137778
