0 0.5267241379310345 0.603125 0.418966 0.093750
1 0.17844827586206896 0.546875 0.353448 0.725000
1 0.2775862068965517 0.32890625 0.113793 0.148438
1 0.31551724137931036 0.48984375 0.127586 0.167188
1 0.39655172413793105 0.36875 0.086207 0.209375
1 0.46551724137931033 0.359375 0.100000 0.206250
1 0.5767241379310345 0.29765625 0.036207 0.089063
1 0.6258620689655172 0.40468750000000003 0.113793 0.356250
1 0.6775862068965517 0.384375 0.065517 0.290625
1 0.7293103448275862 0.37031250000000004 0.031034 0.215625
1 0.7706896551724138 0.36328125 0.055172 0.257812
1 0.8508620689655172 0.38515625000000003 0.056897 0.345313
1 0.9008620689655172 0.48359375000000004 0.194828 0.732813
