0 0.5538641686182669 0.6604068857589984 0.531616 0.291080
0 0.1288056206088993 0.5993740219092332 0.257611 0.428795
1 0.11533957845433256 0.27073552425665104 0.106557 0.378717
1 0.10655737704918032 0.23943661971830987 0.128806 0.266041
1 0.29566744730679156 0.25273865414710484 0.090164 0.251956
1 0.8477751756440282 0.554773082942097 0.278689 0.827856
1 0.7728337236533958 0.3716744913928013 0.220141 0.674491
1 0.8741217798594848 0.18622848200312989 0.158080 0.284820
1 0.9420374707259953 0.5086071987480438 0.113583 0.544601
1 0.9508196721311475 0.63302034428795 0.096019 0.358372
1 0.9648711943793911 0.8286384976525821 0.067916 0.323944
