1 0.08666666666666667 0.7053571428571428 0.146667 0.553571
1 0.025 0.21428571428571427 0.050000 0.404762
1 0.17333333333333334 0.24404761904761904 0.066667 0.321429
1 0.315 0.5684523809523809 0.156667 0.541667
0 0.3116666666666667 0.7619047619047619 0.136667 0.285714
1 0.45333333333333337 0.613095238095238 0.106667 0.535714
1 0.5166666666666667 0.738095238095238 0.120000 0.511905
1 0.48000000000000004 0.2113095238095238 0.066667 0.101190
1 0.6166666666666667 0.22916666666666666 0.093333 0.339286
1 0.7350000000000001 0.22023809523809523 0.083333 0.345238
1 0.8400000000000001 0.5208333333333333 0.106667 0.446429
1 0.9416666666666668 0.6904761904761905 0.110000 0.583333
