1 0.07352941176470588 0.31220657276995306 0.049020 0.248826
1 0.10947712418300654 0.3075117370892019 0.049020 0.248826
0 0.8382352941176471 0.3943661971830986 0.225490 0.187793
0 0.888888888888889 0.647887323943662 0.215686 0.281690
0 0.7287581699346406 0.38497652582159625 0.078431 0.197183
0 0.5620915032679739 0.5140845070422535 0.300654 0.211268
0 0.5065359477124183 0.4647887323943662 0.111111 0.122066
0 0.4673202614379085 0.38967136150234744 0.124183 0.112676
0 0.3382352941176471 0.46009389671361506 0.153595 0.131455
0 0.1388888888888889 0.5093896713615024 0.277778 0.183099
