1 0.94362292051756 0.5980825958702065 0.109057 0.520649
1 0.9288354898336414 0.39233038348082594 0.138632 0.613569
1 0.9371534195933456 0.05014749262536873 0.055453 0.056047
1 0.8835489833641405 0.04424778761061947 0.040665 0.044248
1 0.8271719038817006 0.21091445427728614 0.179298 0.368732
1 0.6395563770794824 0.1733038348082596 0.210721 0.311209
1 0.5092421441774492 0.10914454277286136 0.086876 0.182891
1 0.45471349353049906 0.13569321533923304 0.077634 0.200590
1 0.39186691312384475 0.21533923303834807 0.096118 0.430678
1 0.32809611829944546 0.07890855457227139 0.097967 0.119469
1 0.27726432532347506 0.07374631268436578 0.066543 0.123894
1 0.23567467652495377 0.16150442477876106 0.138632 0.299410
1 0.11367837338262476 0.23967551622418878 0.138632 0.408555
1 0.02310536044362292 0.08702064896755163 0.046211 0.082596
1 0.027726432532347505 0.3008849557522124 0.055453 0.339233
1 0.633086876155268 0.5442477876106194 0.504621 0.292035
0 0.4269870609981516 0.6541297935103245 0.310536 0.346608
