0 0.6037037037037037 0.670391061452514 0.362963 0.301676
1 0.02962962962962963 0.1871508379888268 0.051852 0.128492
1 0.04259259259259259 0.3687150837988827 0.085185 0.229050
1 0.09814814814814815 0.25 0.077778 0.310056
1 0.17777777777777778 0.29608938547486036 0.125926 0.363128
1 0.32037037037037036 0.31424581005586594 0.166667 0.483240
1 0.43703703703703706 0.2458100558659218 0.096296 0.268156
1 0.5333333333333333 0.2905027932960894 0.148148 0.452514
1 0.6648148148148149 0.308659217877095 0.188889 0.444134
1 0.8425925925925927 0.329608938547486 0.151852 0.513966
1 0.8962962962962964 0.41899441340782123 0.185185 0.541899
1 0.9388888888888889 0.6103351955307262 0.100000 0.650838
