1 0.169 0.25806451612903225 0.066000 0.155914
1 0.231 0.3602150537634409 0.098000 0.263441
1 0.355 0.29301075268817206 0.066000 0.198925
1 0.406 0.24731182795698928 0.064000 0.145161
1 0.468 0.239247311827957 0.092000 0.139785
1 0.667 0.2741935483870968 0.110000 0.204301
1 0.811 0.5591397849462366 0.206000 0.833333
1 0.596 0.4395161290322581 0.140000 0.110215
1 0.47100000000000003 0.4112903225806452 0.066000 0.064516
1 0.466 0.4919354838709678 0.084000 0.086022
0 0.494 0.6276881720430108 0.124000 0.158602
