0 0.266 0.6298798798798799 0.532000 0.154655
1 0.048 0.34459459459459457 0.096000 0.367868
1 0.043000000000000003 0.10585585585585586 0.086000 0.061562
1 0.111 0.3055555555555556 0.158000 0.421922
1 0.216 0.22297297297297297 0.136000 0.244745
1 0.319 0.15465465465465467 0.042000 0.060060
1 0.34800000000000003 0.23798798798798798 0.160000 0.280781
1 0.482 0.23123123123123124 0.108000 0.273273
1 0.5660000000000001 0.24549549549549549 0.096000 0.193694
1 0.337 0.6021021021021021 0.382000 0.471471
1 0.439 0.49624624624624625 0.166000 0.223724
1 0.723 0.5870870870870871 0.322000 0.375375
1 0.908 0.3408408408408408 0.180000 0.432432
1 0.6940000000000001 0.31756756756756754 0.232000 0.358859
1 0.85 0.1981981981981982 0.040000 0.036036
