0 0.51475 0.6388044579533941 0.110500 0.290780
0 0.352 0.5516717325227964 0.132000 0.246201
0 0.42775 0.5430597771023303 0.057500 0.180344
0 0.38075000000000003 0.6595744680851064 0.153500 0.310030
0 0.202 0.6388044579533941 0.170000 0.294833
0 0.1505 0.5714285714285715 0.167000 0.271530
1 0.491 0.270516717325228 0.031000 0.166160
1 0.5670000000000001 0.4589665653495441 0.087000 0.470111
1 0.61575 0.529888551165147 0.129500 0.607903
1 0.73975 0.28520770010131713 0.052500 0.217832
1 0.8075 0.4224924012158055 0.081000 0.500507
1 0.89925 0.4761904761904762 0.090500 0.646403
1 0.9470000000000001 0.5425531914893618 0.105000 0.698075
