0 0.3488372093023256 0.6512820512820513 0.410853 0.482051
1 0.6782945736434108 0.5102564102564102 0.457364 0.558974
1 0.5329457364341085 0.18205128205128204 0.236434 0.292308
1 0.6511627906976745 0.13333333333333333 0.108527 0.266667
1 0.7635658914728682 0.19487179487179487 0.170543 0.389744
1 0.9244186046511628 0.24871794871794872 0.143411 0.497436
1 0.12790697674418605 0.5128205128205128 0.255814 0.451282
1 0.0562015503875969 0.2282051282051282 0.112403 0.158974
1 0.28294573643410853 0.18717948717948718 0.124031 0.374359
1 0.374031007751938 0.1564102564102564 0.073643 0.312821
1 0.8856589147286822 0.2794871794871795 0.058140 0.282051
