0 0.11755485893416927 0.6813725490196079 0.141066 0.147059
0 0.20219435736677116 0.6127450980392157 0.128527 0.078431
0 0.27115987460815044 0.5245098039215687 0.166144 0.098039
0 0.3056426332288401 0.5833333333333334 0.109718 0.078431
0 0.40909090909090906 0.5490196078431373 0.084639 0.078431
0 0.5626959247648903 0.5416666666666666 0.159875 0.053922
0 0.6379310344827586 0.6004901960784313 0.184953 0.093137
0 0.3996865203761755 0.6102941176470588 0.178683 0.102941
0 0.4184952978056426 0.7254901960784313 0.147335 0.156863
0 0.5721003134796238 0.7205882352941176 0.153605 0.186275
0 0.7601880877742947 0.7279411764705882 0.216301 0.112745
0 0.8119122257053292 0.6887254901960784 0.206897 0.102941
0 0.8166144200626959 0.6127450980392157 0.235110 0.107843
0 0.9137931034482758 0.6544117647058824 0.153605 0.073529
0 0.957680250783699 0.7401960784313726 0.078370 0.107843
0 0.5768025078369906 0.5808823529411765 0.125392 0.053922
