0 0.5162037037037037 0.8061728395061728 0.260185 0.360494
1 0.9069444444444444 0.5179012345679013 0.184259 0.811111
1 0.8347222222222223 0.24135802469135803 0.117593 0.267901
1 0.7361111111111112 0.6475308641975308 0.235185 0.500000
1 0.5120370370370371 0.19753086419753085 0.090741 0.229630
1 0.44212962962962965 0.3574074074074074 0.139815 0.524691
1 0.35694444444444445 0.5648148148148148 0.228704 0.418519
1 0.0912037037037037 0.5191358024691358 0.182407 0.959259
1 0.18888888888888888 0.3790123456790123 0.187037 0.483951
1 0.3365740740740741 0.21296296296296297 0.099074 0.243210
