1 0.2515151515151515 0.44949494949494956 0.090909 0.353535
1 0.04090909090909091 0.5075757575757576 0.075758 0.207071
1 0.0893939393939394 0.5151515151515152 0.075758 0.191919
1 0.13787878787878788 0.5050505050505051 0.063636 0.161616
1 0.18181818181818182 0.5151515151515152 0.054545 0.171717
1 0.44696969696969696 0.297979797979798 0.166667 0.595960
1 0.5348484848484848 0.2777777777777778 0.087879 0.313131
1 0.6787878787878788 0.3080808080808081 0.145455 0.585859
0 0.5424242424242425 0.5151515151515152 0.303030 0.282828
0 0.5636363636363636 0.6843434343434344 0.527273 0.227273
