1 0.01893939393939394 0.32770270270270274 0.037879 0.324324
1 0.05018939393939394 0.24831081081081083 0.039773 0.172297
1 0.09753787878787878 0.38513513513513514 0.073864 0.493243
1 0.20454545454545456 0.38851351351351354 0.068182 0.486486
1 0.2859848484848485 0.3817567567567568 0.090909 0.466216
1 0.3778409090909091 0.3800675675675676 0.096591 0.496622
1 0.4412878787878788 0.40202702702702703 0.056818 0.412162
1 0.5151515151515151 0.38344594594594594 0.075758 0.516892
1 0.6401515151515151 0.39020270270270274 0.094697 0.550676
1 0.7803030303030303 0.47804054054054057 0.128788 0.746622
1 0.9535984848484849 0.3581081081081081 0.070076 0.479730
0 0.5975378787878788 0.7280405405405406 0.316288 0.293919
