1 0.050473186119873815 0.3907766990291262 0.063091 0.383495
1 0.10883280757097792 0.41019417475728154 0.066246 0.412621
1 0.18454258675078863 0.3907766990291262 0.053628 0.334951
1 0.24921135646687698 0.4490291262135922 0.107256 0.567961
1 0.3217665615141956 0.37621359223300965 0.050473 0.412621
1 0.3943217665615142 0.35922330097087374 0.056782 0.281553
1 0.5914826498422713 0.3349514563106796 0.078864 0.291262
0 0.45268138801261826 0.6067961165048543 0.425868 0.339806
0 0.7176656151419558 0.5606796116504854 0.116719 0.383495
0 0.6167192429022081 0.5946601941747572 0.211356 0.218447
