1 0.056363636363636366 0.08634020618556701 0.112727 0.167526
1 0.10727272727272727 0.3079896907216495 0.145455 0.332474
1 0.22636363636363635 0.1920103092783505 0.158182 0.203608
1 0.16636363636363635 0.045103092783505154 0.089091 0.090206
1 0.2927272727272727 0.08376288659793814 0.098182 0.167526
1 0.4036363636363636 0.15721649484536082 0.123636 0.180412
1 0.41909090909090907 0.03865979381443299 0.161818 0.077320
1 0.5872727272727273 0.059278350515463915 0.145455 0.118557
1 0.5527272727272727 0.21005154639175258 0.160000 0.182990
1 0.7154545454545455 0.25128865979381443 0.194545 0.327320
1 0.9127272727272727 0.16752577319587628 0.087273 0.335052
1 0.9718181818181818 0.29510309278350516 0.052727 0.564433
1 0.8 0.7190721649484536 0.345455 0.556701
1 0.23454545454545456 0.7100515463917526 0.316364 0.543814
1 0.38636363636363635 0.35695876288659795 0.241818 0.239691
0 0.5245454545454545 0.6018041237113402 0.296364 0.337629
