0 0.40555555555555556 0.6660958904109588 0.218519 0.113014
1 0.7111111111111111 0.5325342465753424 0.214815 0.414384
1 0.9018518518518519 0.5291095890410958 0.166667 0.304795
1 0.46296296296296297 0.4452054794520548 0.074074 0.130137
1 0.5185185185185185 0.6164383561643836 0.170370 0.198630
1 0.362962962962963 0.4828767123287671 0.066667 0.116438
1 0.2518518518518519 0.5085616438356164 0.088889 0.263699
1 0.20555555555555557 0.4982876712328767 0.062963 0.291096
1 0.13333333333333333 0.48801369863013694 0.081481 0.291096
1 0.044444444444444446 0.4777397260273972 0.088889 0.284247
