0 0.4987012987012987 0.7381818181818182 0.919481 0.189091
1 0.07792207792207792 0.4672727272727273 0.145455 0.323636
1 0.13376623376623376 0.4763636363636364 0.096104 0.305455
1 0.18961038961038962 0.37636363636363634 0.041558 0.083636
1 0.2558441558441558 0.4263636363636364 0.329870 0.550909
1 0.38311688311688313 0.44 0.137662 0.476364
1 0.37662337662337664 0.1709090909090909 0.093506 0.072727
1 0.5025974025974026 0.41363636363636364 0.314286 0.449091
1 0.7675324675324675 0.4254545454545455 0.345455 0.436364
1 0.8337662337662337 0.4118181818181818 0.233766 0.536364
1 0.9441558441558442 0.5272727272727272 0.096104 0.203636
1 0.9584415584415584 0.3372727272727273 0.062338 0.100000
1 0.9038961038961039 0.3472727272727273 0.062338 0.127273
