0 0.5158333333333334 0.7255555555555555 0.361667 0.411111
1 0.8658333333333333 0.3933333333333333 0.091667 0.724444
1 0.785 0.46 0.243333 0.911111
1 0.5850000000000001 0.3011111111111111 0.146667 0.464444
1 0.42833333333333334 0.31555555555555553 0.130000 0.448889
1 0.34833333333333333 0.30333333333333334 0.050000 0.437778
1 0.26583333333333337 0.38666666666666666 0.145000 0.737778
1 0.17833333333333334 0.42666666666666664 0.186667 0.804444
1 0.07333333333333333 0.3333333333333333 0.120000 0.591111
1 0.022500000000000003 0.31 0.045000 0.402222
