0 0.4947643979057592 0.877906976744186 0.434555 0.186047
1 0.543193717277487 0.2063953488372093 0.060209 0.104651
1 0.6335078534031414 0.3561046511627907 0.193717 0.712209
1 0.8782722513089006 0.11482558139534883 0.149215 0.229651
1 0.8952879581151832 0.30959302325581395 0.120419 0.183140
1 0.718586387434555 0.20784883720930233 0.175393 0.165698
1 0.8599476439790577 0.622093023255814 0.259162 0.633721
1 0.4136125654450262 0.39680232558139533 0.272251 0.781977
1 0.2866492146596859 0.49273255813953487 0.154450 0.985465
1 0.13219895287958117 0.498546511627907 0.264398 0.997093
