1 0.4120008680555555 0.32696759259259256 0.027561 0.167052
1 0.44108072916666663 0.32060185185185186 0.024957 0.169753
1 0.46647135416666663 0.3412422839506173 0.037543 0.205633
1 0.5135633680555556 0.33217592592592593 0.041884 0.187500
1 0.5946180555555555 0.3464506172839506 0.073785 0.308642
1 0.6430121527777778 0.38483796296296297 0.078125 0.313657
1 0.8115234375 0.24594907407407407 0.033203 0.097608
1 0.8296440972222222 0.35532407407407407 0.057726 0.290895
1 0.9172092013888888 0.33738425925925924 0.067925 0.295910
1 0.9725477430555555 0.31925154320987653 0.054470 0.244213
1 0.5352647569444444 0.27816358024691357 0.018880 0.079475
0 0.4771050347222222 0.724537037037037 0.397786 0.273920
