1 0.19818181818181818 0.4987244897959183 0.214545 0.997449
1 0.4109090909090909 0.14668367346938774 0.080000 0.283163
1 0.5890909090909091 0.1645408163265306 0.072727 0.267857
1 0.5863636363636363 0.11479591836734693 0.041818 0.163265
1 0.6645454545454546 0.1721938775510204 0.060000 0.288265
1 0.7109090909090909 0.14540816326530612 0.061818 0.275510
1 0.7609090909090909 0.02933673469387755 0.038182 0.053571
1 0.7736363636363637 0.235969387755102 0.121818 0.451531
1 0.9736363636363636 0.2704081632653061 0.045455 0.352041
1 0.6418181818181818 0.4987244897959183 0.214545 0.303571
1 0.49818181818181817 0.5165816326530612 0.269091 0.441327
0 0.57 0.7423469387755102 0.529091 0.306122
