0 0.47800000000000004 0.8888888888888888 0.140000 0.072072
0 0.61 0.9474474474474475 0.140000 0.069069
0 0.08600000000000001 0.8588588588588588 0.172000 0.108108
0 0.6990000000000001 0.7522522522522522 0.134000 0.057057
0 0.931 0.8123123123123123 0.118000 0.063063
0 0.079 0.6051051051051051 0.154000 0.057057
0 0.41400000000000003 0.7462462462462462 0.168000 0.069069
0 0.362 0.5540540540540541 0.092000 0.051051
0 0.435 0.596096096096096 0.098000 0.063063
0 0.248 0.6351351351351351 0.108000 0.051051
0 0.5740000000000001 0.5540540540540541 0.112000 0.045045
0 0.778 0.5915915915915916 0.112000 0.060060
0 0.806 0.515015015015015 0.140000 0.039039
0 0.463 0.44144144144144143 0.078000 0.048048
0 0.314 0.35585585585585583 0.068000 0.033033
0 0.316 0.6876876876876877 0.124000 0.048048
