0 0.5986486486486486 0.7341197822141561 0.586486 0.513612
1 0.05675675675675676 0.2159709618874773 0.113514 0.337568
1 0.20135135135135135 0.17876588021778583 0.235135 0.324864
1 0.3324324324324325 0.09437386569872958 0.102703 0.094374
1 0.3986486486486487 0.147005444646098 0.191892 0.206897
1 0.5243243243243243 0.10072595281306715 0.086486 0.074410
1 0.6554054054054055 0.32395644283121594 0.235135 0.539020
1 0.8445945945945946 0.34573502722323046 0.251351 0.520871
1 0.9472972972972974 0.16606170598911071 0.089189 0.154265
1 0.9567567567567568 0.4818511796733212 0.081081 0.241379
1 0.3445945945945946 0.5163339382940109 0.689189 0.807623
