0 0.515 0.6316964285714285 0.115000 0.209821
1 0.6325000000000001 0.5736607142857143 0.145000 0.290179
1 0.17250000000000001 0.5491071428571428 0.195000 0.571429
1 0.19375 0.24776785714285712 0.167500 0.290179
1 0.36125 0.1450892857142857 0.092500 0.290179
1 0.40875 0.41294642857142855 0.157500 0.736607
1 0.46875 0.3683035714285714 0.092500 0.406250
1 0.5625 0.2901785714285714 0.090000 0.392857
1 0.7000000000000001 0.22544642857142855 0.150000 0.397321
1 0.8325 0.1450892857142857 0.055000 0.129464
1 0.9075 0.19866071428571427 0.075000 0.129464
