1 0.2206896551724138 0.6125 0.298851 0.368333
1 0.23333333333333334 0.3983333333333334 0.140230 0.196667
1 0.38620689655172413 0.4216666666666667 0.087356 0.186667
1 0.45057471264367815 0.4658333333333334 0.137931 0.201667
0 0.539080459770115 0.6791666666666667 0.489655 0.168333
0 0.6977011494252874 0.7791666666666667 0.531034 0.171667
1 0.732183908045977 0.535 0.291954 0.376667
1 0.6160919540229886 0.4466666666666667 0.073563 0.086667
1 0.8264367816091954 0.38333333333333336 0.052874 0.036667
1 0.9390804597701149 0.38083333333333336 0.039080 0.038333
1 0.9701149425287356 0.3916666666666667 0.041379 0.050000
