1 0.1366666666666667 0.12553191489361704 0.166667 0.234043
1 0.30833333333333335 0.12127659574468086 0.063333 0.148936
1 0.3816666666666667 0.10638297872340426 0.076667 0.178723
1 0.44 0.1425531914893617 0.093333 0.208511
1 0.5366666666666667 0.07872340425531915 0.100000 0.148936
1 0.7300000000000001 0.4702127659574468 0.166667 0.872340
1 0.8700000000000001 0.10851063829787234 0.080000 0.148936
1 0.9616666666666668 0.13617021276595745 0.070000 0.161702
1 0.8233333333333334 0.6425531914893617 0.140000 0.604255
0 0.43500000000000005 0.8106382978723404 0.463333 0.234043
