0 0.521 0.78 0.250000 0.434667
1 0.897 0.43466666666666665 0.202000 0.864000
1 0.8170000000000001 0.3253333333333333 0.098000 0.416000
1 0.611 0.24933333333333332 0.102000 0.434667
1 0.581 0.5813333333333334 0.210000 0.378667
1 0.243 0.576 0.290000 0.426667
1 0.066 0.3253333333333333 0.132000 0.474667
1 0.201 0.252 0.150000 0.488000
1 0.333 0.29466666666666663 0.138000 0.461333
1 0.298 0.14933333333333332 0.064000 0.256000
1 0.41100000000000003 0.304 0.078000 0.416000
1 0.40700000000000003 0.07733333333333334 0.038000 0.074667
1 0.47900000000000004 0.27066666666666667 0.146000 0.520000
1 0.526 0.128 0.048000 0.112000
