1 0.8881789137380192 0.38755980861244016 0.159744 0.746411
1 0.7236421725239617 0.4497607655502392 0.156550 0.612440
1 0.805111821086262 0.043062200956937795 0.063898 0.086124
1 0.5127795527156549 0.2248803827751196 0.099042 0.430622
1 0.43929712460063897 0.21531100478468898 0.118211 0.430622
1 0.37859424920127793 0.32057416267942584 0.092652 0.430622
1 0.30511182108626195 0.07655502392344497 0.067093 0.153110
1 0.2571884984025559 0.23923444976076555 0.111821 0.430622
1 0.1996805111821086 0.3708133971291866 0.182109 0.741627
1 0.08945686900958466 0.3803827751196172 0.172524 0.760766
1 0.6038338658146964 0.43301435406698563 0.095847 0.282297
1 0.6645367412140575 0.29904306220095694 0.083067 0.177033
0 0.46166134185303515 0.6722488038277512 0.226837 0.435407
