0 0.6091666666666667 0.7304785894206549 0.591667 0.377834
0 0.6616666666666667 0.5377833753148614 0.293333 0.224181
1 0.6716666666666667 0.24055415617128462 0.153333 0.481108
1 0.7725000000000001 0.190176322418136 0.105000 0.380353
1 0.93 0.29345088161209065 0.136667 0.586902
1 0.8983333333333334 0.15365239294710328 0.100000 0.307305
1 0.30250000000000005 0.6209068010075567 0.391667 0.607053
1 0.48750000000000004 0.48866498740554154 0.301667 0.559194
1 0.16833333333333333 0.1964735516372796 0.170000 0.392947
1 0.05666666666666667 0.7027707808564232 0.113333 0.574307
