0 0.5743055555555556 0.7361111111111112 0.484722 0.238889
1 0.9722222222222222 0.037037037037037035 0.052778 0.074074
1 0.8611111111111112 0.5435185185185185 0.275000 0.809259
1 0.8756944444444444 0.11944444444444445 0.126389 0.238889
1 0.5229166666666667 0.3055555555555556 0.176389 0.603704
1 0.50625 0.06666666666666667 0.056944 0.074074
1 0.3541666666666667 0.2740740740740741 0.252778 0.396296
1 0.35347222222222224 0.5712962962962963 0.234722 0.383333
1 0.19583333333333333 0.549074074074074 0.386111 0.464815
1 0.23333333333333334 0.737962962962963 0.466667 0.509259
