0 0.6325878594249201 0.7740384615384616 0.728435 0.432692
0 0.3945686900958466 0.6995192307692308 0.744409 0.591346
0 0.9249201277955271 0.46634615384615385 0.143770 0.201923
0 0.5559105431309904 0.3341346153846154 0.268371 0.168269
0 0.8434504792332268 0.3341346153846154 0.300319 0.197115
1 0.04313099041533546 0.21634615384615385 0.086262 0.432692
1 0.3242811501597444 0.3509615384615385 0.265176 0.615385
1 0.7028753993610224 0.15384615384615385 0.121406 0.269231
1 0.8003194888178914 0.13701923076923078 0.118211 0.245192
1 0.926517571884984 0.13701923076923078 0.127796 0.235577
