1 0.631896551724138 0.36869340232858994 0.218966 0.465718
1 0.4387931034482759 0.37257438551099614 0.177586 0.393273
1 0.30603448275862066 0.3609314359637775 0.208621 0.364812
1 0.2396551724137931 0.277490297542044 0.089655 0.174644
1 0.11551724137931034 0.32794307891332475 0.151724 0.293661
1 0.06896551724137931 0.3822768434670117 0.137931 0.332471
1 0.8051724137931034 0.2619663648124192 0.075862 0.184994
1 0.7163793103448276 0.26520051746442436 0.091379 0.178525
0 0.6887931034482758 0.44307891332470895 0.415517 0.102199
1 0.7318965517241379 0.35769728331177236 0.122414 0.122898
0 0.49224137931034484 0.4146183699870634 0.318966 0.078913
