0 0.47600000000000003 0.7248743718592965 0.912000 0.319095
1 0.264 0.42462311557788945 0.296000 0.628141
1 0.398 0.3128140703517588 0.060000 0.118090
1 0.46900000000000003 0.26256281407035176 0.078000 0.238693
1 0.526 0.17462311557788945 0.060000 0.153266
1 0.5730000000000001 0.2864321608040201 0.122000 0.301508
1 0.647 0.1670854271356784 0.090000 0.123116
1 0.6970000000000001 0.40954773869346733 0.350000 0.512563
1 0.882 0.33668341708542715 0.064000 0.110553
1 0.932 0.5288944723618091 0.128000 0.344221
