0 0.465 0.6951219512195121 0.695000 0.238274
1 0.90375 0.724202626641651 0.187500 0.544090
1 0.6275000000000001 0.4896810506566604 0.285000 0.322702
1 0.7987500000000001 0.28236397748592873 0.177500 0.422139
1 0.6637500000000001 0.10131332082551595 0.082500 0.086304
1 0.585 0.11444652908067542 0.070000 0.033771
1 0.43625 0.29362101313320826 0.152500 0.395872
1 0.28125 0.2879924953095685 0.097500 0.196998
1 0.335 0.2926829268292683 0.135000 0.333959
1 0.20750000000000002 0.175422138836773 0.085000 0.114447
1 0.125 0.14165103189493433 0.045000 0.031895
1 0.10875 0.48405253283302063 0.217500 0.694184
