0 0.421875 0.6807432432432433 0.287500 0.635135
1 0.9395833333333333 0.2550675675675676 0.118750 0.452703
1 0.8213541666666666 0.22972972972972974 0.103125 0.361486
1 0.7640625 0.2364864864864865 0.048958 0.212838
1 0.7302083333333333 0.2043918918918919 0.047917 0.162162
1 0.6921875 0.16554054054054054 0.076042 0.192568
1 0.6380208333333334 0.21621621621621623 0.121875 0.195946
1 0.5385416666666667 0.2043918918918919 0.108333 0.152027
1 0.31666666666666665 0.2702702702702703 0.208333 0.141892
1 0.44947916666666665 0.24070945945945948 0.069792 0.119932
1 0.153125 0.2694256756756757 0.089583 0.211149
1 0.2515625 0.23986486486486489 0.055208 0.128378
