0 0.385 0.8467153284671534 0.290000 0.248175
1 0.7425 0.7141119221411193 0.188333 0.537713
1 0.29333333333333333 0.8467153284671534 0.146667 0.272506
1 0.21916666666666668 0.7652068126520681 0.115000 0.425791
1 0.25583333333333336 0.6386861313868614 0.195000 0.484185
1 0.0975 0.7846715328467153 0.148333 0.386861
1 0.10083333333333334 0.8467153284671534 0.195000 0.287105
1 0.025833333333333337 0.13746958637469586 0.051667 0.167883
1 0.22416666666666668 0.10218978102189781 0.085000 0.107056
1 0.28 0.08637469586374696 0.103333 0.148418
1 0.4991666666666667 0.037712895377128956 0.091667 0.075426
