0 0.3062015503875969 0.6810810810810811 0.139535 0.264865
0 0.4418604651162791 0.6824324324324325 0.213178 0.181081
1 0.05135658914728682 0.5662162162162162 0.102713 0.527027
1 0.16666666666666666 0.5175675675675676 0.209302 0.635135
1 0.437984496124031 0.5148648648648649 0.186047 0.586486
1 0.5891472868217054 0.5148648648648649 0.143411 0.624324
1 0.8788759689922481 0.5581081081081082 0.187984 0.732432
1 0.8284883720930233 0.26351351351351354 0.060078 0.154054
1 0.8362403100775194 0.11351351351351352 0.079457 0.194595
1 0.9215116279069767 0.15405405405405406 0.110465 0.254054
