0 0.5063636363636363 0.7121418826739427 0.452727 0.283765
1 0.5890909090909091 0.572305593451569 0.243636 0.184175
1 0.6263636363636363 0.5054570259208732 0.169091 0.121419
1 0.6345454545454545 0.3942701227830832 0.109091 0.125512
1 0.9345454545454546 0.4297407912687585 0.127273 0.245566
1 0.4445454545454545 0.4331514324693042 0.140000 0.233288
1 0.3572727272727273 0.3533424283765348 0.070909 0.171896
1 0.30727272727272725 0.32401091405184174 0.076364 0.102319
1 0.26 0.3942701227830832 0.134545 0.174625
1 0.27545454545454545 0.562755798090041 0.245455 0.170532
