0 0.4672727272727273 0.5979899497487438 0.374545 0.336683
1 0.12545454545454546 0.42085427135678394 0.210909 0.831658
1 0.17909090909090908 0.18341708542713567 0.100000 0.366834
1 0.26 0.07663316582914573 0.080000 0.143216
1 0.27090909090909093 0.1922110552763819 0.138182 0.158291
1 0.3327272727272727 0.42839195979899497 0.309091 0.494975
1 0.3463636363636364 0.08165829145728644 0.096364 0.163317
1 0.5572727272727273 0.17964824120603015 0.103636 0.359296
1 0.6063636363636363 0.135678391959799 0.034545 0.271357
1 0.6754545454545454 0.23241206030150754 0.121818 0.464824
1 0.9236363636363636 0.12562814070351758 0.149091 0.251256
