1 0.05208333333333333 0.10824742268041238 0.080357 0.195876
1 0.14136904761904762 0.37628865979381443 0.151786 0.484536
1 0.2470238095238095 0.2809278350515464 0.119048 0.417526
1 0.32589285714285715 0.0979381443298969 0.080357 0.185567
1 0.4032738095238095 0.0979381443298969 0.068452 0.154639
1 0.4255952380952381 0.34536082474226804 0.136905 0.350515
1 0.5282738095238095 0.13144329896907217 0.074405 0.170103
1 0.6324404761904762 0.5515463917525774 0.145833 0.381443
1 0.5491071428571428 0.34536082474226804 0.110119 0.298969
1 0.6383928571428571 0.18556701030927836 0.098214 0.371134
1 0.78125 0.22164948453608246 0.104167 0.402062
1 0.9285714285714285 0.18556701030927836 0.107143 0.371134
1 0.9717261904761905 0.2809278350515464 0.050595 0.304124
1 0.9479166666666666 0.6314432989690721 0.098214 0.551546
0 0.5238095238095237 0.5902061855670103 0.315476 0.221649
