0 0.298 0.8783783783783784 0.584000 0.219219
1 0.927 0.512012012012012 0.130000 0.969970
1 0.844 0.506006006006006 0.148000 0.675676
1 0.685 0.5075075075075075 0.198000 0.642643
1 0.617 0.48648648648648646 0.106000 0.558559
1 0.548 0.44894894894894893 0.108000 0.531532
1 0.485 0.46096096096096095 0.058000 0.417417
1 0.431 0.3663663663663664 0.098000 0.234234
1 0.35000000000000003 0.3483483483483483 0.080000 0.270270
1 0.241 0.3258258258258258 0.098000 0.273273
1 0.425 0.5765765765765766 0.162000 0.414414
