1 0.023333333333333334 0.09090909090909091 0.046667 0.056426
1 0.05444444444444444 0.19435736677115986 0.068889 0.150470
1 0.1111111111111111 0.17241379310344826 0.066667 0.175549
1 0.15888888888888889 0.0877742946708464 0.095556 0.175549
1 0.2544444444444444 0.26018808777429464 0.091111 0.482759
1 0.29888888888888887 0.2476489028213166 0.037778 0.100313
1 0.35777777777777775 0.27586206896551724 0.088889 0.526646
1 0.47444444444444445 0.15987460815047022 0.140000 0.313480
1 0.7488888888888889 0.23510971786833854 0.146667 0.457680
1 0.6411111111111111 0.4952978056426332 0.375556 0.369906
0 0.49333333333333335 0.7304075235109717 0.208889 0.470219
