0 0.558 0.8652173913043478 0.260000 0.211594
0 0.801 0.8072463768115942 0.238000 0.379710
1 0.094 0.5391304347826087 0.164000 0.840580
1 0.201 0.49420289855072463 0.110000 0.802899
1 0.299 0.518840579710145 0.166000 0.857971
1 0.401 0.5318840579710145 0.190000 0.837681
1 0.384 0.7565217391304347 0.144000 0.394203
1 0.54 0.45072463768115945 0.160000 0.657971
1 0.682 0.5101449275362319 0.224000 0.846377
1 0.885 0.5333333333333333 0.210000 0.915942
1 0.9450000000000001 0.43623188405797103 0.106000 0.744928
