1 0.19458128078817735 0.0825 0.103448 0.155000
1 0.30295566502463056 0.09250000000000001 0.113300 0.155000
1 0.4248768472906404 0.1125 0.125616 0.098333
1 0.4852216748768473 0.07083333333333333 0.073892 0.141667
1 0.4051724137931034 0.028333333333333335 0.066502 0.056667
1 0.5566502463054187 0.065 0.073892 0.130000
1 0.8472906403940886 0.125 0.147783 0.240000
1 0.9532019704433498 0.07833333333333334 0.059113 0.130000
1 0.17733990147783252 0.35500000000000004 0.295567 0.310000
1 0.6921182266009852 0.44833333333333336 0.610837 0.550000
1 0.12931034482758622 0.6725000000000001 0.258621 0.501667
0 0.5061576354679803 0.66 0.431034 0.516667
