1 0.0576271186440678 0.3144796380090498 0.115254 0.484163
1 0.20169491525423727 0.22171945701357468 0.138983 0.425339
1 0.33220338983050846 0.21945701357466066 0.135593 0.294118
1 0.3949152542372881 0.23755656108597287 0.084746 0.330317
1 0.49322033898305084 0.2239819004524887 0.132203 0.393665
1 0.6152542372881356 0.21266968325791857 0.111864 0.416290
1 0.8135593220338982 0.3076923076923077 0.108475 0.416290
1 0.9033898305084745 0.4570135746606335 0.186441 0.877828
1 0.5728813559322034 0.49773755656108604 0.196610 0.208145
1 0.24237288135593218 0.5520361990950227 0.288136 0.352941
0 0.511864406779661 0.7692307692307693 0.257627 0.452489
