1 0.3394648829431438 0.34403669724770647 0.090301 0.403670
1 0.34615384615384615 0.3486238532110092 0.056856 0.119266
1 0.40635451505016723 0.5825688073394496 0.103679 0.733945
1 0.49331103678929766 0.2545871559633028 0.170569 0.463303
1 0.6387959866220736 0.6857798165137615 0.187291 0.582569
1 0.8411371237458194 0.38990825688073394 0.090301 0.642202
1 0.7692307692307692 0.32339449541284404 0.100334 0.610092
1 0.9464882943143813 0.34174311926605505 0.100334 0.619266
1 0.959866220735786 0.3486238532110092 0.073579 0.678899
1 0.26421404682274247 0.9495412844036698 0.100334 0.091743
0 0.18896321070234112 0.7293577981651377 0.351171 0.293578
