1 0.9525 0.4866666666666667 0.090000 0.500000
1 0.855 0.30000000000000004 0.145000 0.353333
1 0.9400000000000001 0.17 0.055000 0.113333
1 0.925 0.39 0.145000 0.460000
1 0.675 0.5083333333333334 0.310000 0.250000
1 0.6925 0.2866666666666667 0.125000 0.260000
1 0.7212500000000001 0.15833333333333335 0.082500 0.083333
1 0.6225 0.18500000000000003 0.085000 0.123333
1 0.5525 0.23 0.110000 0.120000
1 0.46625 0.36500000000000005 0.122500 0.356667
1 0.35125 0.5650000000000001 0.222500 0.210000
1 0.29375 0.3416666666666667 0.207500 0.170000
1 0.0975 0.305 0.165000 0.343333
1 0.23 0.2 0.080000 0.146667
1 0.2925 0.18000000000000002 0.080000 0.160000
0 0.4375 0.8016666666666667 0.430000 0.236667
