1 0.0375 0.16610738255033558 0.050000 0.124161
1 0.06625 0.4546979865771812 0.122500 0.600671
1 0.17375000000000002 0.30201342281879195 0.102500 0.422819
1 0.1975 0.12751677852348994 0.050000 0.093960
1 0.24125 0.25671140939597314 0.062500 0.439597
1 0.315 0.27013422818791943 0.145000 0.540268
1 0.88125 0.22818791946308725 0.117500 0.335570
1 0.75 0.1912751677852349 0.045000 0.167785
1 0.7225 0.17953020134228187 0.040000 0.184564
1 0.6575 0.174496644295302 0.040000 0.120805
1 0.6025 0.1493288590604027 0.045000 0.151007
1 0.49625 0.18959731543624161 0.052500 0.325503
1 0.5475 0.2785234899328859 0.070000 0.355705
1 0.62875 0.37080536912751677 0.107500 0.325503
0 0.62625 0.6006711409395973 0.312500 0.255034
