1 0.6587500000000001 0.7445945945945946 0.052500 0.137838
1 0.7262500000000001 0.8175675675675677 0.072500 0.256757
1 0.77125 0.7445945945945946 0.077500 0.208108
1 0.70875 0.6297297297297297 0.057500 0.081081
1 0.6687500000000001 0.5635135135135135 0.037500 0.051351
1 0.64875 0.6202702702702703 0.062500 0.105405
1 0.57375 0.6000000000000001 0.042500 0.043243
1 0.60875 0.7310810810810812 0.047500 0.191892
1 0.54625 0.7405405405405405 0.062500 0.189189
1 0.52375 0.7837837837837838 0.082500 0.243243
1 0.42625 0.8445945945945946 0.092500 0.245946
1 0.43375 0.7108108108108109 0.077500 0.118919
1 0.305 0.741891891891892 0.100000 0.202703
1 0.22 0.6918918918918919 0.055000 0.129730
0 0.49375 0.6310810810810811 0.132500 0.062162
0 0.57125 0.5378378378378379 0.067500 0.064865
0 0.10625 0.4648648648648649 0.112500 0.054054
