1 0.08306709265175719 0.6033653846153847 0.083067 0.485577
1 0.1645367412140575 0.6105769230769231 0.099042 0.471154
1 0.22364217252396165 0.6129807692307693 0.083067 0.437500
1 0.3993610223642172 0.545673076923077 0.108626 0.312500
1 0.5798722044728434 0.5889423076923077 0.118211 0.427885
1 0.6309904153354632 0.5360576923076923 0.054313 0.322115
1 0.7587859424920127 0.5432692307692308 0.118211 0.221154
1 0.8785942492012779 0.6730769230769231 0.102236 0.259615
0 0.4776357827476038 0.7980769230769231 0.246006 0.153846
0 0.5191693290734825 0.7379807692307693 0.182109 0.216346
0 0.7156549520766773 0.7211538461538461 0.198083 0.173077
