1 0.7645454545454545 0.4644808743169399 0.249091 0.808743
1 0.9445454545454546 0.5437158469945356 0.107273 0.693989
1 0.6863636363636364 0.2937158469945355 0.081818 0.243169
1 0.06727272727272728 0.3224043715846995 0.134545 0.639344
1 0.16636363636363635 0.3251366120218579 0.034545 0.060109
1 0.21181818181818182 0.32650273224043713 0.034545 0.062842
1 0.2609090909090909 0.3237704918032787 0.030909 0.051913
1 0.2972727272727273 0.319672131147541 0.034545 0.049180
1 0.3809090909090909 0.30601092896174864 0.274545 0.349727
0 0.5081818181818182 0.39207650273224043 0.274545 0.210383
1 0.6 0.36475409836065575 0.040000 0.068306
