1 0.08459869848156182 0.4294117647058824 0.169197 0.815126
1 0.6095444685466378 0.5159663865546219 0.329718 0.295798
1 0.5943600867678959 0.36050420168067226 0.225597 0.115966
1 0.9522776572668114 0.6352941176470589 0.091106 0.282353
1 0.9685466377440347 0.24789915966386555 0.058568 0.129412
1 0.8427331887201736 0.3823529411764706 0.101952 0.452101
1 0.735357917570499 0.2882352941176471 0.125813 0.196639
1 0.631236442516269 0.13613445378151262 0.086768 0.107563
1 0.5531453362255966 0.24705882352941178 0.060738 0.134454
1 0.6117136659436009 0.20672268907563027 0.056399 0.050420
0 0.579175704989154 0.815966386554622 0.676790 0.364706
