0 0.5063752276867031 0.4963592233009708 0.163934 0.313107
1 0.3633879781420765 0.48543689320388345 0.256831 0.669903
1 0.2604735883424408 0.28519417475728154 0.109290 0.521845
1 0.38524590163934425 0.12499999999999999 0.107468 0.220874
1 0.3524590163934426 0.09101941747572814 0.063752 0.152913
1 0.47540983606557374 0.19781553398058252 0.127505 0.351942
1 0.644808743169399 0.5048543689320388 0.174863 0.349515
1 0.7841530054644809 0.41262135922330095 0.282332 0.825243
1 0.9444444444444444 0.13349514563106796 0.041894 0.097087
1 0.6830601092896175 0.13470873786407767 0.036430 0.094660
