1 0.046052631578947366 0.45783132530120485 0.072368 0.481928
1 0.20559210526315788 0.569277108433735 0.095395 0.548193
1 0.2730263157894737 0.37650602409638556 0.078947 0.427711
1 0.38651315789473684 0.5030120481927711 0.075658 0.524096
1 0.4720394736842105 0.31626506024096385 0.062500 0.222892
1 0.4638157894736842 0.6475903614457832 0.072368 0.500000
0 0.5986842105263157 0.7560240963855422 0.184211 0.259036
1 0.694078947368421 0.533132530120482 0.059211 0.512048
1 0.7697368421052632 0.5240963855421688 0.085526 0.554217
1 0.9391447368421052 0.536144578313253 0.075658 0.530120
1 0.4095394736842105 0.0963855421686747 0.069079 0.192771
