0 0.4916666666666667 0.7320754716981133 0.180000 0.067925
1 0.09333333333333334 0.4811320754716981 0.096667 0.132075
1 0.0675 0.4066037735849057 0.035000 0.043396
1 0.18916666666666668 0.44056603773584907 0.035000 0.081132
1 0.22083333333333335 0.42641509433962266 0.051667 0.056604
1 0.2791666666666667 0.4481132075471698 0.035000 0.066038
1 0.13333333333333333 0.43113207547169813 0.043333 0.043396
1 0.3066666666666667 0.4367924528301887 0.040000 0.047170
1 0.3725 0.4386792452830189 0.035000 0.047170
1 0.9625 0.5056603773584906 0.028333 0.075472
1 0.9850000000000001 0.5377358490566038 0.026667 0.113208
1 0.6891666666666667 0.6981132075471698 0.078333 0.392453
1 0.6375000000000001 0.5509433962264151 0.071667 0.233962
1 0.4041666666666667 0.6254716981132076 0.098333 0.398113
1 0.32583333333333336 0.5952830188679246 0.068333 0.345283
1 0.48750000000000004 0.6339622641509434 0.088333 0.094340
1 0.5891666666666667 0.6688679245283019 0.101667 0.164151
