0 0.30718336483931946 0.78 0.379962 0.166667
1 0.43194706994328924 0.11666666666666667 0.066163 0.233333
1 0.3506616257088847 0.12000000000000001 0.062382 0.240000
1 0.2523629489603025 0.10166666666666667 0.058601 0.203333
1 0.13137996219281664 0.05666666666666667 0.047259 0.113333
1 0.08695652173913043 0.4916666666666667 0.147448 0.790000
1 0.18052930056710775 0.5583333333333333 0.130435 0.383333
1 0.1833648393194707 0.27 0.094518 0.246667
1 0.4555765595463138 0.6333333333333334 0.132325 0.693333
1 0.5623818525519849 0.5733333333333334 0.096408 0.666667
1 0.7381852551984878 0.5716666666666667 0.115312 0.656667
1 0.9149338374291116 0.5383333333333333 0.128544 0.703333
