0 0.026000000000000002 0.23324396782841825 0.040000 0.155496
0 0.073 0.21447721179624665 0.030000 0.091153
0 0.1 0.22922252010723862 0.040000 0.072386
0 0.124 0.3632707774798928 0.076000 0.120643
0 0.156 0.24932975871313673 0.044000 0.096515
0 0.22 0.28150134048257375 0.072000 0.144772
0 0.263 0.403485254691689 0.062000 0.061662
0 0.222 0.4195710455764075 0.036000 0.040214
0 0.259 0.5214477211796247 0.114000 0.152815
0 0.381 0.5281501340482574 0.134000 0.166220
0 0.544 0.47587131367292224 0.156000 0.233244
0 0.7000000000000001 0.7654155495978553 0.216000 0.345845
0 0.744 0.6340482573726541 0.088000 0.109920
