1 0.5573684210526315 0.43057503506311356 0.177895 0.861150
1 0.42473684210526313 0.2314165497896213 0.057895 0.151473
1 0.4705263157894737 0.20687237026647964 0.035789 0.065919
1 0.6557894736842105 0.17601683029453014 0.014737 0.037868
1 0.6336842105263157 0.1718092566619916 0.014737 0.037868
1 0.7089473684210527 0.1697054698457223 0.024211 0.047686
1 0.6815789473684211 0.16900420757363255 0.022105 0.032258
1 0.783157894736842 0.16269284712482468 0.014737 0.044881
1 0.82 0.16900420757363255 0.023158 0.043478
1 0.8978947368421052 0.15497896213183732 0.023158 0.043478
1 0.9252631578947368 0.15217391304347827 0.029474 0.057504
1 0.96 0.14796633941093967 0.031579 0.051893
1 0.9857894736842105 0.1640953716690042 0.026316 0.053296
1 0.3273684210526316 0.22230014025245443 0.054737 0.130435
1 0.2752631578947368 0.20897615708274894 0.020000 0.070126
1 0.21473684210526314 0.39270687237026647 0.214737 0.782609
1 0.3410526315789474 0.38359046283309955 0.124211 0.180926
0 0.3926315789473684 0.6185133239831697 0.164211 0.249649
