1 0.32636363636363636 0.5396174863387978 0.158182 0.494536
1 0.40545454545454546 0.3319672131147541 0.127273 0.510929
1 0.4781818181818182 0.3087431693989071 0.072727 0.448087
1 0.6372727272727273 0.2527322404371585 0.129091 0.314208
1 0.6572727272727272 0.10109289617486339 0.052727 0.109290
1 0.7263636363636363 0.21311475409836064 0.074545 0.278689
1 0.9245454545454546 0.4426229508196721 0.147273 0.726776
1 0.8190909090909091 0.6489071038251366 0.220000 0.516393
1 0.61 0.5765027322404371 0.194545 0.338798
1 0.13727272727272727 0.5819672131147541 0.161818 0.770492
1 0.08 0.33879781420765026 0.112727 0.672131
1 0.1481818181818182 0.13524590163934427 0.041818 0.090164
1 0.03090909090909091 0.453551912568306 0.061818 0.677596
1 0.053636363636363635 0.07513661202185792 0.038182 0.073770
0 0.5618181818181818 0.7609289617486339 0.323636 0.368852
