1 0.0775 0.47011952191235057 0.155000 0.605578
1 0.1675 0.38645418326693226 0.070000 0.486056
1 0.2325 0.4043824701195219 0.100000 0.450199
1 0.29375 0.36852589641434264 0.112500 0.521912
1 0.425 0.3804780876494024 0.115000 0.490040
1 0.56875 0.3565737051792829 0.107500 0.458167
1 0.64125 0.45617529880478086 0.142500 0.577689
1 0.6775 0.17928286852589642 0.070000 0.191235
1 0.7262500000000001 0.3944223107569721 0.082500 0.565737
1 0.7837500000000001 0.37649402390438247 0.092500 0.474104
1 0.82125 0.19123505976095617 0.037500 0.119522
1 0.8925000000000001 0.4442231075697211 0.095000 0.585657
0 0.34125 0.7131474103585658 0.362500 0.151394
0 0.7125 0.6792828685258964 0.235000 0.099602
1 0.49125 0.350597609561753 0.047500 0.326693
