1 0.04 0.45596868884540115 0.080000 0.324853
1 0.11583333333333334 0.5430528375733855 0.125000 0.444227
1 0.13833333333333334 0.3395303326810176 0.063333 0.154599
1 0.17666666666666667 0.423679060665362 0.070000 0.358121
1 0.4866666666666667 0.32191780821917804 0.043333 0.178082
1 0.5358333333333334 0.3669275929549902 0.088333 0.318982
1 0.5950000000000001 0.3698630136986301 0.093333 0.317025
1 0.7733333333333334 0.35812133072407043 0.076667 0.340509
1 0.9525 0.31702544031311153 0.071667 0.352250
0 0.5675 0.8258317025440313 0.475000 0.211350
