0 0.7901234567901234 0.43271461716937354 0.364198 0.303944
0 0.8618827160493827 0.62877030162413 0.273148 0.366589
0 0.6844135802469136 0.8538283062645011 0.405864 0.283063
0 0.46759259259259256 0.759860788863109 0.595679 0.457077
0 0.375 0.6612529002320185 0.379630 0.301624
0 0.29475308641975306 0.574245939675174 0.274691 0.225058
0 0.5115740740740741 0.46519721577726214 0.254630 0.229698
0 0.6682098765432098 0.42227378190255216 0.250000 0.236659
0 0.6072530864197531 0.32830626450116007 0.266975 0.155452
0 0.5285493827160493 0.3051044083526682 0.211420 0.127610
0 0.36882716049382713 0.44779582366589327 0.169753 0.157773
0 0.33796296296296297 0.37703016241299303 0.098765 0.081206
0 0.4722222222222222 0.2633410672853828 0.185185 0.160093
0 0.8078703703703703 0.22389791183294663 0.134259 0.113689
