1 0.27395209580838326 0.518041237113402 0.434132 0.953608
1 0.5568862275449102 0.43556701030927836 0.107784 0.695876
1 0.6017964071856288 0.3711340206185567 0.059880 0.340206
1 0.6377245508982037 0.20876288659793815 0.065868 0.407216
1 0.688622754491018 0.28865979381443296 0.113772 0.463918
1 0.8712574850299402 0.2422680412371134 0.059880 0.350515
1 0.9266467065868264 0.10309278350515463 0.062874 0.092784
1 0.9296407185628743 0.30927835051546393 0.068862 0.443299
1 0.81437125748503 0.5051546391752577 0.149701 0.268041
0 0.8488023952095809 0.7242268041237113 0.296407 0.396907
