1 0.9211111111111111 0.0625 0.153333 0.125000
1 0.8244444444444444 0.36000000000000004 0.346667 0.370000
1 0.7111111111111111 0.6541666666666667 0.400000 0.201667
1 0.6666666666666666 0.395 0.408889 0.286667
1 0.8055555555555556 0.125 0.091111 0.083333
1 0.6955555555555556 0.15583333333333335 0.088889 0.168333
1 0.6644444444444444 0.14500000000000002 0.071111 0.080000
1 0.61 0.14250000000000002 0.073333 0.061667
1 0.5766666666666667 0.1675 0.108889 0.075000
1 0.5033333333333333 0.2833333333333333 0.148889 0.370000
1 0.36444444444444446 0.14 0.088889 0.096667
1 0.3211111111111111 0.33333333333333337 0.211111 0.476667
1 0.12555555555555556 0.155 0.171111 0.110000
1 0.18 0.5416666666666667 0.360000 0.633333
1 0.056666666666666664 0.12166666666666667 0.113333 0.240000
0 0.4488888888888889 0.7125 0.364444 0.305000
