1 0.9517241379310345 0.5459770114942528 0.089655 0.896552
1 0.6810344827586207 0.514367816091954 0.203448 0.959770
1 0.04655172413793103 0.617816091954023 0.093103 0.718391
1 0.4482758620689655 0.34770114942528735 0.131034 0.442529
1 0.5 0.19827586206896552 0.068966 0.293103
1 0.6224137931034482 0.11206896551724138 0.065517 0.155172
1 0.8137931034482758 0.1867816091954023 0.048276 0.304598
1 0.8706896551724138 0.20977011494252873 0.079310 0.339080
1 0.13793103448275862 0.2614942528735632 0.068966 0.224138
1 0.18448275862068966 0.23275862068965517 0.072414 0.224138
0 0.19655172413793104 0.7040229885057471 0.193103 0.086207
1 0.4413793103448276 0.7126436781609196 0.220690 0.321839
0 0.36379310344827587 0.8017241379310345 0.417241 0.258621
