0 0.6408333333333334 0.6507352941176471 0.271667 0.301471
0 0.22416666666666668 0.5857843137254902 0.351667 0.245098
1 0.3358333333333334 0.08946078431372549 0.111667 0.125000
1 0.4708333333333334 0.09558823529411764 0.118333 0.127451
1 0.5975 0.10416666666666667 0.091667 0.115196
1 0.7125 0.11151960784313725 0.101667 0.129902
1 0.23500000000000001 0.3590686274509804 0.296667 0.448529
1 0.465 0.5183823529411765 0.273333 0.414216
1 0.6575000000000001 0.5294117647058824 0.398333 0.509804
1 0.8275 0.5122549019607843 0.231667 0.426471
1 0.9341666666666667 0.6924019607843137 0.121667 0.575980
