0 0.43825665859564167 0.7419354838709677 0.460048 0.290323
1 0.7723970944309928 0.5419354838709678 0.237288 0.438710
1 0.16464891041162227 0.5451612903225806 0.242131 0.793548
1 0.3474576271186441 0.45 0.142857 0.641935
1 0.40193704600484265 0.2435483870967742 0.067797 0.190323
1 0.4939467312348669 0.36451612903225805 0.101695 0.477419
1 0.5605326876513318 0.21774193548387097 0.079903 0.177419
1 0.7082324455205812 0.15806451612903225 0.084746 0.238710
1 0.8075060532687651 0.1596774193548387 0.094431 0.241935
1 0.9697336561743342 0.13064516129032258 0.055690 0.151613
