0 0.6830985915492958 0.6760869565217391 0.549296 0.473913
1 0.14612676056338028 0.17608695652173914 0.172535 0.352174
1 0.1073943661971831 0.6521739130434783 0.214789 0.591304
1 0.32922535211267606 0.4891304347826087 0.454225 0.465217
1 0.45422535211267606 0.30217391304347824 0.267606 0.386957
1 0.5123239436619719 0.07608695652173914 0.123239 0.152174
1 0.6285211267605634 0.2 0.109155 0.391304
1 0.7095070422535211 0.19130434782608696 0.102113 0.382609
1 0.8221830985915494 0.1847826086956522 0.109155 0.369565
1 0.8926056338028169 0.23695652173913043 0.193662 0.473913
