1 0.422 0.18594306049822062 0.105333 0.371886
1 0.5146666666666666 0.15035587188612098 0.112000 0.300712
1 0.598 0.13523131672597863 0.073333 0.270463
1 0.6846666666666666 0.1592526690391459 0.116000 0.318505
1 0.8099999999999999 0.2090747330960854 0.110667 0.396797
1 0.9073333333333333 0.25266903914590744 0.116000 0.505338
1 0.974 0.24911032028469748 0.044000 0.402135
1 0.24333333333333332 0.08807829181494661 0.036000 0.055160
1 0.2786666666666667 0.1895017793594306 0.080000 0.268683
1 0.6753333333333333 0.5124555160142349 0.372000 0.516014
0 0.4573333333333333 0.5578291814946619 0.298667 0.318505
