0 0.505 0.7113207547169811 0.285000 0.290566
0 0.265 0.5773584905660377 0.200000 0.256604
0 0.4875 0.48867924528301887 0.115000 0.124528
1 0.92 0.30943396226415093 0.110000 0.384906
1 0.5975 0.15471698113207547 0.055000 0.105660
1 0.57875 0.23962264150943396 0.042500 0.109434
1 0.52875 0.29056603773584905 0.077500 0.249057
1 0.43 0.2943396226415094 0.095000 0.241509
1 0.30125 0.28867924528301886 0.072500 0.207547
1 0.0775 0.39245283018867927 0.150000 0.550943
1 0.6900000000000001 0.4226415094339623 0.065000 0.166038
1 0.75625 0.4037735849056604 0.087500 0.181132
1 0.36875 0.44150943396226416 0.092500 0.211321
1 0.2525 0.49433962264150944 0.125000 0.203774
0 0.61875 0.4867924528301887 0.107500 0.113208
