0 0.30143229166666663 0.7248263888888888 0.188802 0.210069
1 0.205078125 0.09895833333333333 0.113281 0.197917
1 0.35807291666666663 0.1657986111111111 0.117188 0.328125
1 0.4290364583333333 0.0642361111111111 0.074219 0.125000
1 0.517578125 0.06857638888888888 0.040365 0.074653
1 0.041015625 0.29166666666666663 0.082031 0.583333
1 0.018880208333333332 0.1579861111111111 0.037760 0.138889
1 0.2421875 0.4288194444444444 0.260417 0.427083
1 0.12369791666666666 0.7248263888888888 0.244792 0.546875
1 0.4602864583333333 0.7465277777777778 0.337240 0.503472
1 0.83203125 0.6866319444444444 0.333333 0.609375
1 0.9661458333333333 0.18663194444444445 0.065104 0.373264
1 0.841796875 0.19010416666666666 0.186198 0.376736
