0 0.7050000000000001 0.45375 0.293333 0.202500
1 0.7025 0.15937500000000002 0.111667 0.311250
1 0.7816666666666667 0.098125 0.046667 0.111250
1 0.6433333333333334 0.105625 0.036667 0.123750
1 0.4766666666666667 0.10312500000000001 0.050000 0.081250
1 0.3191666666666667 0.11812500000000001 0.045000 0.131250
1 0.3408333333333334 0.083125 0.028333 0.061250
1 0.27666666666666667 0.096875 0.036667 0.066250
1 0.22083333333333335 0.1275 0.081667 0.152500
1 0.17 0.08687500000000001 0.036667 0.056250
1 0.1375 0.09125 0.038333 0.065000
1 0.15166666666666667 0.15875 0.186667 0.190000
1 0.02416666666666667 0.11812500000000001 0.045000 0.136250
