1 0.09207920792079208 0.35163204747774485 0.184158 0.703264
1 0.27821782178217824 0.142433234421365 0.085149 0.225519
1 0.3673267326732673 0.15727002967359052 0.097030 0.225519
1 0.500990099009901 0.13501483679525222 0.162376 0.270030
1 0.8960396039603961 0.28041543026706234 0.120792 0.418398
1 0.9475247524752476 0.35756676557863504 0.100990 0.602374
1 0.7524752475247525 0.5356083086053413 0.316832 0.412463
1 0.5643564356435644 0.39465875370919884 0.162376 0.189911
1 0.296039603960396 0.49258160237388726 0.374257 0.492582
0 0.501980198019802 0.5608308605341247 0.223762 0.183976
