1 0.11329787234042553 0.5199362041467305 0.194681 0.899522
1 0.18297872340425533 0.215311004784689 0.061702 0.130781
1 0.27287234042553193 0.45933014354066987 0.156383 0.877193
1 0.3074468085106383 0.1682615629984051 0.048936 0.090909
1 0.4319148936170213 0.4904306220095694 0.176596 0.751196
1 0.5712765957446808 0.47607655502392343 0.153191 0.757576
1 0.6829787234042554 0.21929824561403508 0.097872 0.145136
1 0.7287234042553191 0.5239234449760766 0.178723 0.626794
1 0.8212765957446808 0.13556618819776714 0.042553 0.089314
1 0.8617021276595744 0.46730462519936206 0.225532 0.889952
0 0.4569148936170213 0.7631578947368421 0.343617 0.208931
