0 0.5390243902439025 0.878 0.380488 0.188000
1 0.29024390243902437 0.536 0.165854 0.872000
1 0.4121951219512195 0.484 0.112195 0.600000
1 0.6670731707317074 0.608 0.207317 0.624000
1 0.8073170731707318 0.502 0.048780 0.436000
1 0.5560975609756098 0.534 0.078049 0.372000
1 0.49390243902439024 0.518 0.051220 0.356000
1 0.8402439024390244 0.494 0.051220 0.308000
1 0.12073170731707317 0.614 0.114634 0.252000
1 0.9341463414634147 0.462 0.039024 0.244000
1 0.973170731707317 0.47000000000000003 0.048780 0.260000
