0 0.585 0.6584615384615384 0.455000 0.356923
1 0.23875000000000002 0.23384615384615384 0.152500 0.436923
1 0.71 0.23076923076923078 0.170000 0.461538
1 0.81875 0.25076923076923074 0.082500 0.236923
1 0.78625 0.13538461538461538 0.107500 0.270769
1 0.89 0.3830769230769231 0.200000 0.766154
1 0.9762500000000001 0.027692307692307693 0.042500 0.049231
1 0.925 0.5046153846153846 0.145000 0.910769
1 0.43 0.6138461538461538 0.505000 0.532308
1 0.105 0.5076923076923077 0.210000 0.960000
1 0.12625 0.33692307692307694 0.177500 0.581538
