0 0.6533333333333333 0.5900562851782364 0.493333 0.159475
1 0.9183333333333334 0.5093808630393997 0.156667 0.287054
1 0.6950000000000001 0.44183864915572235 0.263333 0.166979
1 0.2866666666666667 0.549718574108818 0.380000 0.375235
1 0.225 0.39305816135084426 0.183333 0.114447
1 0.10333333333333335 0.41369606003752346 0.206667 0.358349
1 0.33666666666666667 0.2326454033771107 0.113333 0.187617
1 0.035 0.20825515947467166 0.063333 0.048780
1 0.465 0.23358348968105067 0.123333 0.189493
1 0.635 0.2579737335834897 0.116667 0.174484
1 0.775 0.25046904315197 0.116667 0.193246
1 0.9550000000000001 0.23358348968105067 0.083333 0.170732
