0 0.45514950166112955 0.5668202764976958 0.245847 0.285714
1 0.15946843853820597 0.18663594470046083 0.059801 0.124424
1 0.23754152823920266 0.29723502304147464 0.083056 0.235023
1 0.3222591362126246 0.30184331797235026 0.046512 0.354839
1 0.3637873754152824 0.3548387096774194 0.063123 0.341014
1 0.41029900332225916 0.3271889400921659 0.056478 0.359447
1 0.4684385382059801 0.315668202764977 0.093023 0.354839
1 0.5514950166112957 0.2834101382488479 0.066445 0.400922
1 0.6295681063122923 0.1889400921658986 0.083056 0.138249
1 0.7259136212624585 0.15898617511520738 0.129568 0.290323
1 0.6877076411960134 0.5046082949308756 0.252492 0.529954
