1 0.91 0.05874499332443257 0.172000 0.106809
1 0.9460000000000001 0.14753004005340453 0.104000 0.137517
1 0.773 0.09012016021361816 0.098000 0.060080
1 0.732 0.18090787716955942 0.184000 0.188251
1 0.6 0.13551401869158877 0.100000 0.105474
1 0.52 0.18691588785046728 0.136000 0.184246
1 0.434 0.11548731642189586 0.108000 0.078772
1 0.311 0.2409879839786382 0.254000 0.428571
1 0.367 0.12349799732977303 0.058000 0.044059
1 0.198 0.10747663551401869 0.104000 0.078772
1 0.11800000000000001 0.0514018691588785 0.124000 0.070761
1 0.114 0.32376502002670227 0.128000 0.503338
1 0.056 0.3925233644859813 0.092000 0.766355
1 0.382 0.5934579439252337 0.416000 0.324433
1 0.743 0.5874499332443257 0.510000 0.702270
0 0.628 0.7222963951935915 0.600000 0.381842
