0 0.04472843450479233 0.44258373205741625 0.070288 0.138756
0 0.38658146964856227 0.5478468899521531 0.166134 0.224880
0 0.4680511182108626 0.5143540669856459 0.220447 0.253589
0 0.7092651757188498 0.4138755980861244 0.127796 0.167464
0 0.6709265175718849 0.37320574162679426 0.089457 0.066986
0 0.3753993610223642 0.42105263157894735 0.099042 0.076555
1 0.1230031948881789 0.3708133971291866 0.054313 0.215311
1 0.36741214057507987 0.354066985645933 0.051118 0.114833
1 0.43610223642172524 0.37799043062200954 0.099042 0.153110
1 0.8370607028753994 0.361244019138756 0.089457 0.215311
