1 0.7441666666666668 0.2225866916588566 0.188333 0.199625
1 0.5566666666666668 0.2521087160262418 0.153333 0.245548
1 0.4591666666666667 0.2600749765698219 0.111667 0.218369
1 0.3983333333333334 0.2577319587628866 0.066667 0.133083
1 0.3225 0.25679475164011245 0.115000 0.228679
1 0.25083333333333335 0.21977507029053422 0.055000 0.126523
1 0.07166666666666667 0.37394564198687913 0.143333 0.521087
1 0.20750000000000002 0.3336457357075914 0.128333 0.144330
1 0.25583333333333336 0.46860356138706655 0.218333 0.198688
1 0.7266666666666667 0.401124648547329 0.236667 0.189316
1 0.8275 0.6954076850984068 0.341667 0.446111
0 0.4391666666666667 0.5248359887535146 0.255000 0.174321
