1 0.94 0.5021978021978022 0.101053 0.701099
1 0.8231578947368421 0.521978021978022 0.094737 0.736264
1 0.7357894736842105 0.49340659340659343 0.073684 0.793407
1 0.6705263157894736 0.5098901098901099 0.096842 0.725275
1 0.63 0.23736263736263735 0.066316 0.298901
1 0.5152631578947369 0.5373626373626373 0.100000 0.534066
1 0.46736842105263154 0.3769230769230769 0.056842 0.358242
1 0.49105263157894735 0.1989010989010989 0.053684 0.182418
1 0.41105263157894734 0.42857142857142855 0.070526 0.681319
1 0.36105263157894735 0.37252747252747254 0.061053 0.490110
1 0.31684210526315787 0.17362637362637362 0.052632 0.109890
1 0.28789473684210526 0.4703296703296703 0.108421 0.747253
1 0.19526315789473683 0.489010989010989 0.108421 0.745055
1 0.08736842105263158 0.4967032967032967 0.098947 0.769231
1 0.04368421052631579 0.5065934065934066 0.087368 0.578022
0 0.3968421052631579 0.8076923076923077 0.275789 0.182418
