0 0.5528846153846154 0.6009615384615385 0.310897 0.500000
1 0.9150641025641025 0.2644230769230769 0.080128 0.278846
1 0.9647435897435898 0.23076923076923078 0.064103 0.211538
1 0.8525641025641025 0.25240384615384615 0.064103 0.225962
1 0.7836538461538461 0.27884615384615385 0.099359 0.355769
1 0.7099358974358974 0.3028846153846154 0.048077 0.288462
1 0.6810897435897436 0.1875 0.054487 0.125000
1 0.46955128205128205 0.2956730769230769 0.131410 0.283654
1 0.3894230769230769 0.24278846153846156 0.048077 0.100962
1 0.36217948717948717 0.41105769230769235 0.102564 0.427885
1 0.19391025641025642 0.3629807692307693 0.054487 0.110577
1 0.17628205128205127 0.3942307692307693 0.044872 0.163462
1 0.1298076923076923 0.3894230769230769 0.067308 0.211538
1 0.11057692307692307 0.4182692307692308 0.060897 0.182692
1 0.03365384615384615 0.4182692307692308 0.048077 0.086538
