0 0.423 0.7776349614395887 0.574000 0.280206
1 0.079 0.04755784061696658 0.098000 0.095116
1 0.019 0.07969151670951156 0.034000 0.071979
1 0.044 0.14138817480719792 0.084000 0.092545
1 0.116 0.16580976863753213 0.088000 0.084833
1 0.203 0.14910025706940874 0.090000 0.102828
1 0.20800000000000002 0.06555269922879177 0.068000 0.079692
1 0.28500000000000003 0.13110539845758354 0.054000 0.123393
1 0.352 0.13367609254498714 0.048000 0.097686
1 0.40900000000000003 0.13496143958868895 0.074000 0.074550
1 0.382 0.2287917737789203 0.072000 0.118252
1 0.273 0.28920308483290486 0.082000 0.167095
1 0.34900000000000003 0.36889460154241643 0.110000 0.203085
1 0.455 0.2982005141388175 0.090000 0.154242
1 0.094 0.5861182519280205 0.160000 0.694087
1 0.028 0.2223650385604113 0.056000 0.151671
1 0.194 0.33419023136246784 0.144000 0.246787
1 0.679 0.48329048843187655 0.314000 0.406170
1 0.681 0.29305912596401024 0.110000 0.164524
1 0.732 0.1928020565552699 0.076000 0.113111
1 0.78 0.2866323907455013 0.140000 0.141388
1 0.906 0.08354755784061696 0.096000 0.089974
1 0.923 0.17609254498714652 0.126000 0.079692
1 0.934 0.2814910025706941 0.128000 0.136247
1 0.922 0.7095115681233932 0.152000 0.514139
