1 0.02894736842105263 0.40126382306477093 0.057895 0.559242
1 0.1336842105263158 0.4194312796208531 0.054737 0.222749
1 0.1957894736842105 0.4707740916271722 0.061053 0.132701
1 0.3463157894736842 0.3744075829383886 0.058947 0.123223
1 0.7394736842105263 0.3278041074249605 0.078947 0.248025
1 0.6036842105263158 0.39652448657187994 0.049474 0.078989
1 0.6784210526315789 0.3902053712480253 0.038947 0.075829
1 0.8231578947368421 0.3886255924170616 0.092632 0.515008
1 0.9463157894736842 0.3941548183254344 0.105263 0.415482
1 0.5305263157894736 0.3736176935229068 0.231579 0.712480
0 0.3463157894736842 0.6390205371248026 0.433684 0.263823
0 0.66 0.5521327014218009 0.277895 0.257504
