1 0.154126213592233 0.26181818181818184 0.201456 0.472727
1 0.2961165048543689 0.24545454545454545 0.150485 0.367273
1 0.03155339805825243 0.26545454545454544 0.063107 0.421818
1 0.4660194174757281 0.20545454545454545 0.053398 0.181818
1 0.529126213592233 0.24727272727272728 0.101942 0.316364
1 0.654126213592233 0.2509090909090909 0.138350 0.320000
1 0.8980582524271844 0.4290909090909091 0.199029 0.854545
1 0.6699029126213591 0.56 0.402913 0.327273
1 0.44174757281553395 0.4318181818181818 0.203883 0.212727
0 0.3203883495145631 0.5809090909090909 0.432039 0.278182
