0 0.4263157894736842 0.48221343873517786 0.321053 0.308300
1 0.7802631578947368 0.17786561264822134 0.144737 0.355731
1 0.6763157894736842 0.2984189723320158 0.178947 0.596838
1 0.575 0.09288537549407114 0.086842 0.185771
1 0.46710526315789475 0.13833992094861658 0.123684 0.276680
1 0.37105263157894736 0.07509881422924901 0.073684 0.150198
1 0.17368421052631577 0.36166007905138337 0.347368 0.723320
1 0.2236842105263158 0.15810276679841895 0.147368 0.316206
1 0.531578947368421 0.32806324110671936 0.152632 0.442688
1 0.3539473684210526 0.28656126482213434 0.202632 0.320158
