0 0.388 0.7312312312312312 0.304000 0.231231
1 0.28 0.44294294294294295 0.104000 0.471471
1 0.197 0.44894894894894893 0.090000 0.465465
1 0.394 0.4114114114114114 0.084000 0.390390
1 0.481 0.40540540540540543 0.090000 0.354354
1 0.445 0.47597597597597596 0.062000 0.255255
1 0.5700000000000001 0.3933933933933934 0.076000 0.366366
1 0.752 0.4159159159159159 0.060000 0.219219
1 0.8140000000000001 0.34684684684684686 0.072000 0.231231
1 0.898 0.2777777777777778 0.036000 0.063063
1 0.911 0.37537537537537535 0.098000 0.300300
1 0.972 0.39039039039039036 0.052000 0.384384
