1 0.07026143790849673 0.12383177570093457 0.088235 0.135514
1 0.07352941176470588 0.29205607476635514 0.088235 0.135514
1 0.058823529411764705 0.4532710280373831 0.098039 0.186916
1 0.22712418300653595 0.4462616822429906 0.075163 0.126168
1 0.184640522875817 0.3901869158878504 0.068627 0.088785
1 0.2107843137254902 0.27102803738317754 0.075163 0.102804
1 0.20098039215686275 0.14485981308411214 0.081699 0.149533
1 0.33333333333333337 0.23598130841121492 0.130719 0.098131
1 0.3513071895424837 0.33411214953271023 0.101307 0.228972
1 0.4542483660130719 0.14719626168224298 0.071895 0.144860
1 0.9150326797385622 0.15654205607476634 0.078431 0.144860
1 0.9395424836601307 0.2733644859813084 0.114379 0.172897
1 0.9460784313725491 0.4532710280373831 0.101307 0.196262
0 0.5800653594771242 0.49999999999999994 0.584967 0.915888
