1 0.07100000000000001 0.49399399399399396 0.142000 0.987988
1 0.964 0.496996996996997 0.068000 0.987988
1 0.918 0.2012012012012012 0.100000 0.378378
1 0.793 0.36036036036036034 0.130000 0.714715
1 0.6960000000000001 0.3183183183183183 0.096000 0.516517
1 0.607 0.31681681681681684 0.134000 0.453453
1 0.467 0.2852852852852853 0.174000 0.408408
1 0.464 0.06156156156156156 0.052000 0.105105
1 0.335 0.16216216216216217 0.058000 0.090090
1 0.326 0.26126126126126126 0.124000 0.270270
1 0.23500000000000001 0.16666666666666666 0.046000 0.123123
1 0.17500000000000002 0.26726726726726724 0.134000 0.162162
1 0.149 0.14264264264264265 0.070000 0.111111
0 0.17 0.521021021021021 0.160000 0.333333
0 0.217 0.56006006006006 0.270000 0.363363
0 0.499 0.7312312312312312 0.294000 0.525526
0 0.395 0.5555555555555556 0.054000 0.072072
0 0.267 0.6636636636636637 0.358000 0.486486
