0 0.5354545454545454 0.7409200968523003 0.223636 0.314770
1 0.6736363636363636 0.4213075060532688 0.140000 0.542373
1 0.79 0.38256658595641646 0.132727 0.464891
1 0.4909090909090909 0.22760290556900728 0.065455 0.140436
1 0.44363636363636366 0.20096852300242132 0.043636 0.140436
1 0.40636363636363637 0.2288135593220339 0.052727 0.138015
1 0.36727272727272725 0.19128329297820823 0.029091 0.048426
1 0.32636363636363636 0.25181598062953997 0.103636 0.256659
1 0.3563636363636364 0.5593220338983051 0.156364 0.368039
1 0.5063636363636363 0.48426150121065376 0.096364 0.193705
1 0.11181818181818182 0.4322033898305085 0.140000 0.607748
1 0.20272727272727273 0.2566585956416465 0.070909 0.232446
1 0.05909090909090909 0.18886198547215496 0.027273 0.058111
1 0.02 0.2929782082324455 0.040000 0.276029
