1 0.17141350210970463 0.49 0.178270 0.641538
1 0.3222573839662447 0.4553846153846154 0.142405 0.676923
1 0.4541139240506329 0.48923076923076925 0.104430 0.643077
1 0.370253164556962 0.61 0.046414 0.392308
1 0.4994725738396624 0.5007692307692307 0.068565 0.703077
1 0.5421940928270041 0.5707692307692308 0.040084 0.233846
1 0.5944092827004219 0.23076923076923078 0.066456 0.218462
1 0.6197257383966244 0.5584615384615385 0.161392 0.726154
1 0.7542194092827004 0.5284615384615384 0.118143 0.773846
1 0.8259493670886076 0.5492307692307692 0.116034 0.661538
0 0.2821729957805907 0.8515384615384616 0.539030 0.198462
