1 0.9570135746606335 0.12033898305084745 0.076923 0.105085
1 0.9004524886877829 0.2389830508474576 0.135747 0.362712
1 0.8122171945701359 0.1542372881355932 0.085973 0.200000
1 0.7239819004524888 0.2677966101694915 0.171946 0.386441
1 0.5701357466063349 0.17457627118644067 0.081448 0.111864
1 0.5090497737556562 0.2576271186440678 0.122172 0.298305
1 0.41855203619909503 0.22542372881355932 0.076923 0.274576
1 0.28280542986425344 0.22033898305084745 0.131222 0.325424
1 0.16063348416289594 0.20508474576271185 0.122172 0.233898
1 0.05203619909502263 0.29152542372881357 0.104072 0.461017
0 0.48416289592760187 0.4915254237288135 0.533937 0.135593
