1 0.05181818181818182 0.6981818181818182 0.103636 0.578182
1 0.07 0.2309090909090909 0.129091 0.454545
1 0.1918181818181818 0.3372727272727273 0.249091 0.656364
1 0.4090909090909091 0.27636363636363637 0.196364 0.552727
1 0.6554545454545454 0.36272727272727273 0.190909 0.310909
1 0.86 0.47454545454545455 0.276364 0.476364
1 0.9081818181818182 0.13818181818181818 0.110909 0.240000
1 0.7554545454545455 0.03909090909090909 0.027273 0.078182
1 0.7854545454545454 0.02181818181818182 0.029091 0.043636
1 0.93 0.8336363636363636 0.136364 0.260000
1 0.5081818181818182 0.769090909090909 0.500000 0.458182
0 0.4354545454545454 0.7236363636363636 0.670909 0.541818
