1 0.922846889952153 0.5115658362989324 0.135167 0.663701
1 0.8068181818181818 0.8825622775800711 0.321770 0.231317
1 0.9401913875598086 0.08274021352313167 0.117225 0.165480
1 0.8492822966507176 0.05249110320284697 0.086124 0.101423
1 0.6602870813397129 0.26601423487544484 0.088517 0.225979
1 0.757177033492823 0.16992882562277578 0.059809 0.339858
1 0.8175837320574162 0.17615658362989323 0.061005 0.263345
1 0.48684210526315785 0.2473309608540925 0.071770 0.419929
1 0.4569377990430622 0.12366548042704625 0.064593 0.236655
1 0.39473684210526316 0.17704626334519571 0.050239 0.279359
1 0.36483253588516745 0.15302491103202845 0.095694 0.306050
1 0.26136363636363635 0.45373665480427045 0.127990 0.348754
1 0.13696172248803828 0.38701067615658363 0.120813 0.183274
1 0.12380382775119617 0.1387900355871886 0.106459 0.270463
1 0.18779904306220094 0.24644128113879002 0.133971 0.169039
1 0.02631578947368421 0.3558718861209964 0.052632 0.110320
1 0.053229665071770335 0.6058718861209964 0.104067 0.428826
0 0.2793062200956938 0.6743772241992882 0.204545 0.355872
0 0.5400717703349283 0.6539145907473309 0.269139 0.279359
1 0.5950956937799042 0.6147686832740213 0.151914 0.411032
1 0.6656698564593301 0.5266903914590747 0.094498 0.192171
1 0.7165071770334928 0.47419928825622776 0.052632 0.165480
0 0.37260765550239233 0.5338078291814946 0.194976 0.270463
