0 0.5814814814814815 0.5080213903743315 0.422222 0.524064
1 0.18888888888888888 0.15240641711229946 0.118519 0.304813
1 0.3277777777777778 0.4572192513368984 0.388889 0.828877
1 0.3351851851851852 0.053475935828877004 0.070370 0.106952
1 0.55 0.25935828877005346 0.181481 0.465241
1 0.49259259259259264 0.05080213903743315 0.059259 0.101604
1 0.6481481481481481 0.2192513368983957 0.148148 0.438503
1 0.7407407407407408 0.1443850267379679 0.118519 0.288770
1 0.9259259259259259 0.19518716577540104 0.140741 0.390374
1 0.9148148148148149 0.21122994652406415 0.162963 0.240642
