1 0.17500000000000002 0.33682634730538924 0.078000 0.326347
0 0.429 0.5044910179640719 0.282000 0.158683
1 0.20400000000000001 0.3607784431137725 0.040000 0.218563
1 0.271 0.35029940119760483 0.050000 0.251497
1 0.33 0.29341317365269465 0.132000 0.383234
1 0.487 0.44610778443113774 0.206000 0.395210
1 0.5700000000000001 0.3323353293413174 0.168000 0.544910
1 0.641 0.35778443113772457 0.042000 0.164671
1 0.772 0.3008982035928144 0.168000 0.601796
1 0.895 0.2964071856287425 0.126000 0.520958
1 0.9560000000000001 0.3413173652694611 0.036000 0.155689
