1 0.1 0.08741258741258741 0.200000 0.174825
1 0.2 0.03613053613053613 0.133333 0.072261
1 0.3458333333333333 0.08508158508158509 0.150000 0.170163
1 0.46041666666666664 0.15151515151515152 0.245833 0.303030
1 0.6645833333333333 0.10372960372960373 0.204167 0.198135
1 0.90625 0.04079254079254079 0.137500 0.072261
1 0.8166666666666667 0.43123543123543123 0.358333 0.620047
1 0.7083333333333334 0.38578088578088576 0.175000 0.244755
1 0.49166666666666664 0.4254079254079254 0.250000 0.286713
1 0.27291666666666664 0.4289044289044289 0.462500 0.275058
1 0.12083333333333333 0.5093240093240093 0.241667 0.682984
0 0.56875 0.7575757575757576 0.520833 0.335664
