1 0.035573122529644265 0.23555555555555555 0.071146 0.084444
1 0.341897233201581 0.25222222222222224 0.114625 0.215556
1 0.458498023715415 0.25666666666666665 0.110672 0.206667
1 0.616600790513834 0.2477777777777778 0.102767 0.166667
1 0.7648221343873517 0.2477777777777778 0.122530 0.188889
1 0.950592885375494 0.2222222222222222 0.090909 0.137778
1 0.08300395256916995 0.34444444444444444 0.158103 0.217778
1 0.2509881422924901 0.3922222222222222 0.154150 0.100000
1 0.683794466403162 0.4444444444444444 0.245059 0.164444
1 0.9051383399209486 0.48333333333333334 0.181818 0.277778
1 0.32411067193675885 0.5311111111111111 0.300395 0.324444
0 0.6403162055335968 0.5922222222222222 0.537549 0.162222
