0 0.30818181818181817 0.7783171521035599 0.267273 0.255663
1 0.8418181818181818 0.5 0.156364 0.993528
1 0.7972727272727272 0.34951456310679613 0.049091 0.343042
1 0.7481818181818182 0.13592233009708737 0.045455 0.122977
1 0.6818181818181818 0.4854368932038835 0.156364 0.944984
1 0.6327272727272727 0.45792880258899676 0.065455 0.786408
1 0.57 0.20711974110032363 0.056364 0.181230
1 0.5590909090909091 0.4724919093851133 0.158182 0.420712
1 0.42363636363636364 0.5372168284789645 0.229091 0.621359
1 0.31272727272727274 0.43042071197411 0.120000 0.582524
1 0.13636363636363635 0.4045307443365696 0.109091 0.653722
1 0.11181818181818182 0.7330097087378641 0.150909 0.527508
1 0.07090909090909091 0.5097087378640777 0.141818 0.961165
