0 0.8930851063829788 0.6425196850393701 0.184043 0.248819
1 0.8106382978723404 0.5267716535433071 0.136170 0.480315
1 0.6537234042553192 0.4574803149606299 0.062766 0.200000
1 0.5909574468085107 0.5496062992125984 0.096809 0.494488
1 0.5686170212765957 0.31496062992125984 0.037234 0.069291
1 0.5308510638297872 0.4889763779527559 0.048936 0.388976
1 0.49095744680851067 0.28188976377952757 0.041489 0.091339
1 0.4696808510638298 0.521259842519685 0.086170 0.481890
1 0.40106382978723404 0.537007874015748 0.065957 0.459843
1 0.4127659574468085 0.3031496062992126 0.042553 0.096063
1 0.3351063829787234 0.46771653543307085 0.063830 0.462992
1 0.2696808510638298 0.5519685039370079 0.111702 0.455118
1 0.2771276595744681 0.3220472440944882 0.050000 0.055118
1 0.2553191489361702 0.2889763779527559 0.051064 0.074016
1 0.1946808510638298 0.48031496062992124 0.074468 0.462992
1 0.11702127659574468 0.5220472440944882 0.106383 0.527559
0 0.17819148936170212 0.6929133858267716 0.201064 0.211024
