1 0.09456740442655936 0.04166666666666667 0.189135 0.071970
1 0.21327967806841047 0.3001893939393939 0.205231 0.475379
1 0.35714285714285715 0.19507575757575757 0.142857 0.371212
1 0.5392354124748492 0.125 0.193159 0.246212
1 0.688128772635815 0.10984848484848485 0.060362 0.189394
1 0.7484909456740443 0.07102272727272728 0.088531 0.142045
1 0.9024144869215293 0.08522727272727273 0.187123 0.162879
1 0.8380281690140846 0.21022727272727273 0.267606 0.250000
1 0.5965794768611671 0.3020833333333333 0.215292 0.187500
1 0.7494969818913482 0.46875 0.271630 0.289773
0 0.41348088531187127 0.6363636363636364 0.352113 0.443182
