0 0.5521885521885521 0.7945205479452054 0.451178 0.401826
1 0.9595959595959596 0.2009132420091324 0.074074 0.401826
1 0.6767676767676767 0.23059360730593606 0.114478 0.378995
1 0.6582491582491582 0.5 0.198653 0.351598
1 0.4848484848484848 0.4726027397260274 0.175084 0.296804
1 0.6026936026936026 0.14383561643835616 0.101010 0.168950
1 0.5151515151515151 0.11187214611872145 0.053872 0.178082
1 0.44276094276094274 0.18036529680365296 0.090909 0.214612
1 0.23737373737373738 0.3926940639269406 0.191919 0.767123
1 0.05892255892255892 0.1415525114155251 0.057239 0.155251
1 0.037037037037037035 0.37671232876712324 0.074074 0.452055
1 0.0303030303030303 0.6506849315068493 0.060606 0.360731
1 0.03535353535353535 0.9337899543378995 0.070707 0.114155
