1 0.07173913043478261 0.09021739130434783 0.050725 0.065217
1 0.15942028985507248 0.18206521739130435 0.165217 0.301087
1 0.1826086956521739 0.07554347826086956 0.040580 0.057609
1 0.3695652173913044 0.1375 0.124638 0.233696
1 0.4963768115942029 0.026630434782608695 0.044928 0.051087
1 0.5717391304347826 0.1298913043478261 0.157971 0.233696
1 0.7623188405797101 0.03369565217391304 0.060870 0.060870
1 0.4318840579710145 0.3222826086956522 0.263768 0.135870
1 0.30869565217391304 0.5804347826086956 0.382609 0.415217
1 0.8833333333333333 0.5396739130434782 0.207246 0.903261
0 0.5014492753623189 0.721195652173913 0.628986 0.555435
