1 0.273046875 0.42430555555555555 0.099219 0.770833
1 0.3515625 0.5347222222222222 0.165625 0.927778
1 0.52734375 0.26319444444444445 0.064063 0.243056
1 0.6046875 0.2548611111111111 0.078125 0.259722
1 0.7546875000000001 0.576388888888889 0.148438 0.522222
1 0.72578125 0.2326388888888889 0.065625 0.154167
1 0.8386718750000001 0.3548611111111111 0.100781 0.454167
1 0.5300781250000001 0.6472222222222223 0.274219 0.519444
0 0.7312500000000001 0.6979166666666667 0.171875 0.437500
1 0.20820312500000002 0.2743055555555556 0.033594 0.206944
1 0.45859375 0.2625 0.037500 0.225000
