1 0.9747983870967741 0.4303571428571428 0.046371 0.482143
1 0.9727822580645161 0.20357142857142857 0.034274 0.085714
1 0.9344758064516129 0.3875 0.062500 0.382143
1 0.9334677419354839 0.21428571428571427 0.032258 0.107143
1 0.8981854838709677 0.33749999999999997 0.054435 0.153571
1 0.8417338709677419 0.28928571428571426 0.058468 0.221429
1 0.6129032258064516 0.32321428571428573 0.080645 0.303571
1 0.5756048387096774 0.2839285714285714 0.054435 0.296429
1 0.5443548387096774 0.38035714285714284 0.068548 0.410714
1 0.4959677419354839 0.24107142857142858 0.032258 0.110714
1 0.4344758064516129 0.29464285714285715 0.054435 0.310714
1 0.38911290322580644 0.25535714285714284 0.036290 0.189286
0 0.1502016129032258 0.46428571428571425 0.235887 0.142857
0 0.7137096774193549 0.7464285714285714 0.379032 0.178571
