0 0.3625 0.5391822827938672 0.311364 0.083475
0 0.8943181818181818 0.4514480408858603 0.102273 0.051107
0 0.9636363636363636 0.41056218057921634 0.068182 0.091993
0 0.7954545454545454 0.4028960817717206 0.104545 0.073254
0 0.3818181818181818 0.42078364565587734 0.077273 0.095400
0 0.22613636363636364 0.3807495741056218 0.084091 0.039182
0 0.3193181818181818 0.4454855195911414 0.084091 0.107325
1 0.11136363636363636 0.48807495741056217 0.190909 0.499148
1 0.5840909090909091 0.3534923339011925 0.068182 0.035775
1 0.30227272727272725 0.36541737649063033 0.072727 0.090290
