1 0.052000000000000005 0.10500000000000001 0.080000 0.136667
1 0.251 0.07500000000000001 0.098000 0.143333
1 0.341 0.085 0.094000 0.150000
1 0.459 0.10333333333333335 0.114000 0.166667
1 0.608 0.21166666666666667 0.088000 0.150000
1 0.627 0.11166666666666668 0.102000 0.130000
1 0.602 0.03166666666666667 0.056000 0.056667
1 0.687 0.1366666666666667 0.082000 0.140000
1 0.776 0.09000000000000001 0.084000 0.126667
1 0.961 0.22666666666666668 0.074000 0.206667
0 0.403 0.8816666666666667 0.278000 0.230000
