0 0.121 0.6764705882352942 0.190000 0.123529
0 0.183 0.6058823529411764 0.138000 0.088235
0 0.228 0.5352941176470588 0.116000 0.082353
0 0.328 0.5176470588235293 0.080000 0.064706
0 0.307 0.575 0.126000 0.067647
0 0.41000000000000003 0.5573529411764706 0.096000 0.061765
0 0.39 0.6176470588235294 0.188000 0.082353
0 0.42 0.7044117647058823 0.148000 0.138235
0 0.562 0.7088235294117647 0.144000 0.170588
0 0.589 0.538235294117647 0.122000 0.052941
0 0.55 0.5764705882352941 0.068000 0.064706
0 0.641 0.5970588235294118 0.158000 0.082353
0 0.76 0.7264705882352941 0.232000 0.105882
0 0.805 0.6073529411764705 0.158000 0.061765
0 0.893 0.5985294117647059 0.098000 0.067647
0 0.878 0.6544117647058824 0.132000 0.061765
0 0.961 0.7073529411764706 0.074000 0.132353
