0 0.8972727272727272 0.5901639344262295 0.201818 0.114754
0 0.889090909090909 0.6530054644808743 0.218182 0.142077
0 0.8327272727272728 0.7008196721311475 0.276364 0.215847
0 0.6781818181818182 0.7513661202185792 0.272727 0.229508
0 0.5581818181818182 0.8183060109289617 0.370909 0.314208
0 0.40545454545454546 0.860655737704918 0.356364 0.273224
0 0.17545454545454545 0.8811475409836066 0.343636 0.232240
0 0.07363636363636364 0.7158469945355191 0.147273 0.196721
0 0.18272727272727274 0.6967213114754098 0.140000 0.191257
0 0.26545454545454544 0.6885245901639344 0.141818 0.213115
0 0.36272727272727273 0.6352459016393442 0.180000 0.166667
0 0.4445454545454545 0.5915300546448088 0.172727 0.133880
0 0.5381818181818182 0.5765027322404371 0.152727 0.103825
0 0.5945454545454546 0.5437158469945356 0.120000 0.071038
0 0.639090909090909 0.5314207650273224 0.194545 0.112022
0 0.7190909090909091 0.5163934426229508 0.140000 0.109290
0 0.759090909090909 0.5040983606557377 0.136364 0.095628
0 0.7963636363636364 0.4931693989071038 0.127273 0.095628
0 0.08454545454545455 0.5546448087431693 0.158182 0.120219
0 0.18363636363636363 0.5423497267759563 0.160000 0.101093
0 0.26272727272727275 0.5136612021857924 0.140000 0.103825
0 0.3327272727272727 0.505464480874317 0.123636 0.081967
0 0.38181818181818183 0.48770491803278687 0.145455 0.090164
0 0.4127272727272727 0.4562841530054645 0.076364 0.071038
0 0.5563636363636364 0.4562841530054645 0.061818 0.038251
0 0.5618181818181818 0.4344262295081967 0.080000 0.054645
0 0.5754545454545454 0.41530054644808745 0.092727 0.071038
0 0.6090909090909091 0.412568306010929 0.065455 0.060109
0 0.6236363636363637 0.40710382513661203 0.065455 0.027322
0 0.6618181818181819 0.40437158469945356 0.018182 0.021858
