0 0.3642172523961661 0.65625 0.453674 0.524038
0 0.4153354632587859 0.6322115384615385 0.408946 0.677885
1 0.5143769968051118 0.37980769230769235 0.236422 0.759615
1 0.9536741214057508 0.23076923076923078 0.086262 0.461538
1 0.36261980830670926 0.22596153846153846 0.105431 0.259615
1 0.35623003194888175 0.09375 0.073482 0.110577
1 0.097444089456869 0.4254807692307693 0.194888 0.802885
1 0.10543130990415335 0.4182692307692308 0.159744 0.778846
1 0.5351437699680511 0.05528846153846154 0.099042 0.110577
1 0.6261980830670926 0.23076923076923078 0.127796 0.413462
1 0.5958466453674122 0.3822115384615385 0.073482 0.139423
