0 0.5166666666666667 0.5297619047619048 0.140000 0.261905
1 0.07333333333333333 0.6577380952380952 0.146667 0.386905
1 0.22833333333333336 0.5714285714285714 0.143333 0.333333
1 0.3666666666666667 0.5327380952380952 0.126667 0.291667
1 0.28833333333333333 0.21726190476190474 0.090000 0.303571
1 0.39 0.09821428571428571 0.100000 0.160714
1 0.4633333333333334 0.2232142857142857 0.140000 0.196429
1 0.5233333333333333 0.3125 0.060000 0.136905
1 0.6266666666666667 0.39285714285714285 0.166667 0.380952
1 0.65 0.12202380952380952 0.080000 0.172619
