0 0.4491803278688525 0.6635514018691588 0.255738 0.355140
1 0.6065573770491803 0.5981308411214953 0.203279 0.457944
1 0.8311475409836065 0.37383177570093457 0.127869 0.560748
1 0.9114754098360656 0.23364485981308408 0.045902 0.196262
1 0.15081967213114755 0.2850467289719626 0.065574 0.261682
1 0.05081967213114754 0.2757009345794392 0.055738 0.214953
1 0.6 0.2523364485981308 0.059016 0.224299
1 0.4098360655737705 0.5771028037383177 0.177049 0.528037
1 0.32131147540983607 0.46495327102803735 0.183607 0.742991
1 0.4245901639344262 0.32943925233644855 0.160656 0.518692
