1 0.05666666666666667 0.2176360225140713 0.093333 0.045028
1 0.028333333333333335 0.24577861163227016 0.056667 0.063790
1 0.3466666666666667 0.24577861163227016 0.146667 0.221388
1 0.46 0.24296435272045028 0.113333 0.219512
1 0.6483333333333334 0.25422138836772984 0.130000 0.178236
1 0.775 0.2373358348968105 0.123333 0.193246
1 0.9450000000000001 0.22607879924953095 0.103333 0.144465
1 0.085 0.41181988742964354 0.170000 0.343340
1 0.23 0.398686679174484 0.186667 0.091932
1 0.6833333333333333 0.450281425891182 0.293333 0.146341
1 0.9033333333333334 0.4812382739212008 0.186667 0.230769
1 0.3216666666666667 0.5562851782363978 0.410000 0.365854
0 0.6433333333333334 0.5787992495309568 0.520000 0.155722
