0 0.17150395778364116 0.6882352941176471 0.284960 0.443137
0 0.7928759894459103 0.7274509803921568 0.393140 0.341176
1 0.4472295514511873 0.2627450980392157 0.160950 0.384314
1 0.15831134564643798 0.33137254901960783 0.269129 0.654902
1 0.04221635883905013 0.34509803921568627 0.084433 0.376471
1 0.027704485488126648 0.09019607843137255 0.055409 0.180392
1 0.8232189973614775 0.30196078431372547 0.063325 0.384314
1 0.7493403693931399 0.27058823529411763 0.073879 0.376471
1 0.3733509234828496 0.19215686274509802 0.076517 0.368627
1 0.9445910290237467 0.13333333333333333 0.105541 0.266667
