1 0.9475409836065574 0.47222222222222227 0.091803 0.944444
1 0.8008196721311476 0.42592592592592593 0.132787 0.837037
1 0.6540983606557377 0.2574074074074074 0.131148 0.514815
1 0.3901639344262295 0.13518518518518519 0.140984 0.270370
1 0.5467213114754098 0.28703703703703703 0.106557 0.262963
1 0.6459016393442623 0.6777777777777778 0.196721 0.481481
1 0.44016393442622953 0.6018518518518519 0.188525 0.625926
1 0.3262295081967213 0.3685185185185185 0.101639 0.300000
1 0.49426229508196723 0.5703703703703704 0.054098 0.170370
0 0.4721311475409836 0.7944444444444445 0.219672 0.255556
