0 0.6421370967741935 0.7589285714285714 0.163306 0.410714
1 0.7268145161290323 0.4232142857142857 0.074597 0.496429
1 0.8921370967741935 0.5464285714285714 0.151210 0.814286
1 0.7983870967741935 0.2982142857142857 0.064516 0.375000
1 0.6512096774193549 0.3392857142857143 0.056452 0.414286
1 0.5685483870967741 0.3857142857142857 0.104839 0.657143
1 0.49798387096774194 0.3357142857142857 0.052419 0.414286
1 0.38810483870967744 0.1357142857142857 0.062500 0.114286
1 0.36088709677419356 0.5321428571428571 0.229839 0.928571
1 0.16330645161290322 0.4446428571428571 0.096774 0.582143
1 0.10080645161290322 0.48392857142857143 0.060484 0.746429
1 0.029233870967741934 0.5267857142857143 0.058468 0.882143
