0 0.3092105263157895 0.7106299212598425 0.428947 0.295276
0 0.3644736842105263 0.4645669291338583 0.528947 0.566929
0 0.7618421052631579 0.5551181102362205 0.371053 0.212598
0 0.843421052631579 0.4409448818897638 0.181579 0.425197
1 0.8907894736842105 0.25 0.086842 0.216535
1 0.9578947368421052 0.23031496062992127 0.047368 0.177165
1 0.6539473684210526 0.27755905511811024 0.076316 0.255906
1 0.5552631578947368 0.2795275590551181 0.078947 0.244094
1 0.3026315789473684 0.26968503937007876 0.057895 0.248031
1 0.09078947368421053 0.2736220472440945 0.044737 0.090551
1 0.35 0.3641732283464567 0.163158 0.326772
1 0.4644736842105263 0.35236220472440943 0.134211 0.255906
