1 0.025 0.49833333333333335 0.050000 0.126667
1 0.203125 0.5016666666666667 0.036250 0.146667
1 0.500625 0.5075000000000001 0.031250 0.098333
1 0.55125 0.5325000000000001 0.027500 0.168333
1 0.57625 0.5775 0.037500 0.171667
1 0.635625 0.9258333333333334 0.128750 0.145000
1 0.8300000000000001 0.8550000000000001 0.182500 0.286667
1 0.94125 0.8641666666666667 0.115000 0.228333
1 0.951875 0.7341666666666667 0.093750 0.181667
1 0.776875 0.6975 0.106250 0.178333
1 0.7781250000000001 0.6041666666666667 0.101250 0.091667
1 0.793125 0.5675 0.068750 0.068333
1 0.88875 0.6208333333333333 0.057500 0.175000
1 0.9625 0.5433333333333333 0.032500 0.060000
1 0.92 0.5241666666666667 0.032500 0.068333
1 0.88625 0.5166666666666667 0.032500 0.043333
1 0.8575 0.5216666666666667 0.037500 0.036667
1 0.83625 0.5475 0.040000 0.068333
1 0.76125 0.535 0.055000 0.070000
1 0.6675 0.5091666666666667 0.030000 0.065000
1 0.726875 0.5091666666666667 0.031250 0.055000
0 0.2275 0.63 0.117500 0.120000
