0 0.5387755102040817 0.7378640776699029 0.181633 0.207120
0 0.41479591836734697 0.6982200647249192 0.223469 0.195793
1 0.9224489795918368 0.7483818770226538 0.108163 0.500000
1 0.9816326530612246 0.3932038834951456 0.028571 0.084142
1 0.9821428571428572 0.6035598705501618 0.033673 0.346278
1 0.8734693877551021 0.6610032362459547 0.071429 0.532362
1 0.8020408163265307 0.6868932038834952 0.102041 0.580906
1 0.7408163265306124 0.5889967637540453 0.093878 0.618123
1 0.7984693877551021 0.32847896440129454 0.086735 0.174757
1 0.8954081632653063 0.29449838187702265 0.090816 0.181230
1 0.9142857142857144 0.22896440129449838 0.051020 0.144013
1 0.9607142857142859 0.19902912621359226 0.076531 0.378641
1 0.8872448979591837 0.059061488673139165 0.111224 0.118123
1 0.8755102040816327 0.16990291262135923 0.067347 0.077670
1 0.8066326530612246 0.13996763754045308 0.082653 0.114887
1 0.7760204081632653 0.22653721682847897 0.052041 0.080906
1 0.7035714285714286 0.4296116504854369 0.066327 0.509709
1 0.7066326530612246 0.1488673139158576 0.062245 0.110032
1 0.7418367346938776 0.08818770226537218 0.083673 0.082524
1 0.8198979591836736 0.07766990291262137 0.072449 0.142395
1 0.7250000000000001 0.04773462783171521 0.066327 0.095469
1 0.6372448979591837 0.0703883495145631 0.105102 0.137540
1 0.5948979591836735 0.3697411003236246 0.081633 0.477346
1 0.44897959183673475 0.31957928802589 0.108163 0.542071
1 0.4454081632653062 0.03964401294498382 0.050000 0.053398
1 0.5214285714285715 0.05339805825242719 0.061224 0.106796
1 0.36683673469387756 0.13349514563106796 0.068367 0.156958
1 0.3392857142857143 0.4312297734627832 0.121429 0.448220
1 0.3209183673469388 0.12864077669902912 0.074490 0.101942
1 0.2571428571428572 0.12944983818770228 0.048980 0.061489
1 0.2836734693877551 0.042071197411003236 0.075510 0.067961
1 0.19234693877551023 0.12540453074433658 0.080612 0.231392
1 0.15153061224489797 0.18851132686084143 0.066327 0.182848
1 0.24846938775510205 0.21925566343042072 0.066327 0.101942
1 0.22653061224489798 0.33737864077669905 0.057143 0.127832
1 0.18265306122448982 0.5825242718446603 0.057143 0.423948
1 0.04438775510204082 0.7038834951456311 0.056122 0.563107
1 0.00969387755102041 0.5412621359223301 0.019388 0.231392
1 0.07295918367346939 0.3300970873786408 0.066327 0.155340
1 0.08010204081632653 0.24190938511326862 0.043878 0.037217
1 0.09846938775510206 0.17313915857605178 0.064286 0.145631
1 0.19081632653061226 0.04611650485436893 0.069388 0.088997
1 0.10714285714285715 0.03964401294498382 0.073469 0.076052
1 0.05408163265306123 0.10679611650485438 0.091837 0.197411
1 0.02295918367346939 0.1504854368932039 0.043878 0.168285
1 0.02295918367346939 0.29449838187702265 0.043878 0.106796
1 0.023979591836734697 0.3988673139158576 0.045918 0.063107
