0 0.6621621621621622 0.9259634888438134 0.659459 0.144016
0 0.7033783783783785 0.7971602434077079 0.587838 0.162272
0 0.6945945945945946 0.6724137931034483 0.502703 0.091278
0 0.6716216216216216 0.5801217038539553 0.440541 0.125761
0 0.6770270270270271 0.5385395537525355 0.402703 0.058824
0 0.6797297297297298 0.49391480730223125 0.375676 0.058824
0 0.668918918918919 0.4716024340770791 0.356757 0.070994
0 0.6743243243243243 0.4208924949290061 0.324324 0.062880
0 0.6756756756756757 0.3894523326572008 0.283784 0.048682
0 0.6614864864864866 0.36511156186612576 0.274324 0.052738
0 0.6567567567567568 0.3316430020283976 0.227027 0.050710
0 0.6574324324324324 0.28904665314401623 0.190541 0.042596
0 0.16756756756756758 0.9087221095334685 0.335135 0.178499
0 0.21756756756756757 0.7870182555780934 0.427027 0.247465
0 0.23243243243243245 0.6196754563894523 0.327027 0.225152
0 0.27432432432432435 0.5578093306288032 0.337838 0.178499
0 0.3202702702702703 0.486815415821501 0.270270 0.174442
0 0.34797297297297297 0.4614604462474645 0.250000 0.123732
0 0.3472972972972973 0.44523326572008115 0.245946 0.111562
0 0.3675675675675676 0.4117647058823529 0.229730 0.101420
0 0.39594594594594595 0.3772819472616633 0.189189 0.101420
0 0.41959459459459464 0.34989858012170383 0.174324 0.107505
0 0.4513513513513514 0.3154158215010142 0.148649 0.083164
0 0.45270270270270274 0.28600405679513186 0.154054 0.081136
0 0.48581081081081084 0.26267748478701824 0.122973 0.062880
0 0.033783783783783786 0.5588235294117647 0.067568 0.070994
0 0.06891891891891892 0.5020283975659229 0.137838 0.119675
0 0.07905405405405405 0.43914807302231235 0.158108 0.119675
0 0.09662162162162163 0.3813387423935091 0.193243 0.137931
0 0.12702702702702703 0.35192697768762676 0.205405 0.123732
0 0.17432432432432432 0.33468559837728196 0.200000 0.093306
0 0.19932432432432434 0.33367139959432046 0.166216 0.087221
0 0.22702702702702704 0.30324543610547666 0.145946 0.091278
0 0.2425675675675676 0.2870182555780933 0.141892 0.095335
0 0.25810810810810814 0.2748478701825558 0.145946 0.091278
0 0.26891891891891895 0.25963488843813387 0.124324 0.085193
0 0.2972972972972973 0.25050709939148075 0.132432 0.083164
0 0.32094594594594594 0.25862068965517243 0.122973 0.075051
