0 0.444015444015444 0.6855670103092784 0.586873 0.422680
1 0.43822393822393824 0.3530927835051546 0.220077 0.407216
1 0.17181467181467183 0.28865979381443296 0.166023 0.360825
1 0.2084942084942085 0.14948453608247422 0.177606 0.298969
1 0.11389961389961391 0.8711340206185567 0.173745 0.247423
1 0.0501930501930502 0.7268041237113402 0.100386 0.185567
1 0.5868725868725869 0.25773195876288657 0.084942 0.298969
1 0.8301158301158301 0.25257731958762886 0.162162 0.505155
1 0.9285714285714286 0.18814432989690721 0.119691 0.376289
0 0.38223938223938225 0.4768041237113402 0.455598 0.201031
1 0.6853281853281853 0.23711340206185566 0.096525 0.237113
