0 0.73984375 0.71875 0.323438 0.141667
0 0.60546875 0.609375 0.182813 0.056250
0 0.59140625 0.5520833333333334 0.135938 0.070833
1 0.7046875 0.528125 0.078125 0.335417
1 0.49843750000000003 0.5364583333333334 0.103125 0.339583
1 0.465625 0.46770833333333334 0.031250 0.197917
1 0.40546875000000004 0.48333333333333334 0.035938 0.233333
1 0.37421875000000004 0.5135416666666667 0.042188 0.281250
1 0.34609375000000003 0.4875 0.026563 0.262500
1 0.290625 0.590625 0.106250 0.410417
1 0.26171875 0.48125 0.051563 0.237500
