0 0.337037037037037 0.5192982456140351 0.140741 0.161404
0 0.4444444444444445 0.48596491228070177 0.114815 0.143860
0 0.5194444444444445 0.4543859649122807 0.083333 0.143860
0 0.5888888888888889 0.4649122807017544 0.077778 0.122807
0 0.6611111111111111 0.4543859649122807 0.107407 0.087719
0 0.674074074074074 0.4 0.100000 0.077193
0 0.6111111111111112 0.3263157894736842 0.048148 0.063158
0 0.5685185185185185 0.34035087719298246 0.040741 0.070175
0 0.47500000000000003 0.3473684210526316 0.050000 0.070175
0 0.12037037037037038 0.39649122807017545 0.074074 0.126316
0 0.19351851851851853 0.3736842105263158 0.057407 0.087719
0 0.27592592592592596 0.36140350877192984 0.044444 0.077193
0 0.33981481481481485 0.3631578947368421 0.042593 0.080702
0 0.025 0.24035087719298245 0.035185 0.087719
0 0.04259259259259259 0.32105263157894737 0.085185 0.059649
0 0.12407407407407407 0.24035087719298245 0.066667 0.052632
0 0.2712962962962963 0.2578947368421053 0.068519 0.052632
1 0.6870370370370371 0.24210526315789474 0.037037 0.154386
0 0.7620370370370371 0.37894736842105264 0.075926 0.056140
0 0.3962962962962963 0.36140350877192984 0.059259 0.056140
0 0.08981481481481482 0.2789473684210526 0.075926 0.052632
0 0.325 0.30350877192982456 0.057407 0.073684
0 0.5203703703703704 0.3 0.048148 0.052632
