1 0.6749999999999999 0.33356258596973865 0.281818 0.295736
1 0.7715909090909091 0.22077028885832187 0.261364 0.436039
1 0.6443181818181818 0.07702888583218707 0.052273 0.129298
1 0.5693181818181818 0.07771664374140302 0.093182 0.144429
1 0.36136363636363633 0.11760660247592847 0.190909 0.235213
1 0.21363636363636362 0.06533700137551582 0.068182 0.092160
1 0.0784090909090909 0.24002751031636865 0.156818 0.480055
1 0.28977272727272724 0.3466299862448418 0.356818 0.217331
1 0.39999999999999997 0.4442916093535076 0.509091 0.371389
0 0.6988636363636364 0.687757909215956 0.493182 0.478680
1 0.9477272727272726 0.7537826685006878 0.100000 0.104539
1 0.1659090909090909 0.7221458046767538 0.331818 0.184319
1 0.13522727272727272 0.1155433287482806 0.125000 0.228336
