0 0.43260188087774293 0.7787234042553192 0.605016 0.217021
1 0.10579937304075235 0.4117021276595745 0.186520 0.717021
1 0.25470219435736674 0.37659574468085105 0.133229 0.544681
1 0.3228840125391849 0.21914893617021278 0.047022 0.182979
1 0.4004702194357367 0.2 0.076803 0.191489
1 0.46081504702194354 0.20957446808510638 0.037618 0.176596
1 0.5282131661442006 0.2021276595744681 0.087774 0.195745
1 0.6253918495297806 0.20638297872340425 0.072100 0.200000
1 0.6982758620689655 0.15638297872340426 0.039185 0.061702
1 0.7217868338557993 0.2223404255319149 0.098746 0.146809
1 0.762539184952978 0.13191489361702127 0.032915 0.059574
1 0.8025078369905956 0.19680851063829788 0.047022 0.189362
1 0.8981191222570533 0.44893617021276594 0.150470 0.608511
