1 0.097 0.5372340425531915 0.182000 0.898936
1 0.301 0.31382978723404253 0.066000 0.122340
0 0.227 0.37632978723404253 0.070000 0.103723
0 0.34600000000000003 0.34308510638297873 0.036000 0.047872
0 0.388 0.43882978723404253 0.112000 0.175532
0 0.321 0.48936170212765956 0.082000 0.196809
0 0.352 0.6369680851063829 0.296000 0.119681
0 0.802 0.41223404255319146 0.104000 0.132979
0 0.908 0.48670212765957444 0.096000 0.132979
0 0.967 0.4361702127659574 0.050000 0.191489
0 0.581 0.32313829787234044 0.074000 0.093085
