1 0.06875 0.2570621468926554 0.070833 0.118644
1 0.016666666666666666 0.2909604519774011 0.029167 0.141243
1 0.09375 0.22598870056497175 0.033333 0.067797
1 0.17604166666666665 0.1652542372881356 0.072917 0.172316
1 0.22604166666666667 0.1271186440677966 0.093750 0.242938
1 0.3208333333333333 0.03954802259887005 0.066667 0.073446
1 0.384375 0.15254237288135594 0.122917 0.288136
1 0.25625 0.4265536723163842 0.212500 0.661017
1 0.4822916666666667 0.10875706214689265 0.114583 0.183616
1 0.6614583333333334 0.25 0.110417 0.132768
1 0.4979166666666667 0.2542372881355932 0.075000 0.107345
1 0.7635416666666667 0.18926553672316385 0.081250 0.158192
1 0.8072916666666666 0.269774011299435 0.068750 0.127119
1 0.890625 0.17937853107344634 0.093750 0.194915
1 0.9291666666666667 0.2838983050847458 0.058333 0.076271
1 0.9770833333333333 0.4067796610169492 0.041667 0.779661
1 0.91875 0.4491525423728814 0.095833 0.536723
1 0.6114583333333333 0.0748587570621469 0.110417 0.149718
1 0.7833333333333333 0.07062146892655367 0.125000 0.141243
1 0.5041666666666667 0.03672316384180791 0.087500 0.073446
0 0.6208333333333333 0.5480225988700564 0.641667 0.514124
0 0.6041666666666666 0.6991525423728814 0.650000 0.228814
