1 0.0926517571884984 0.361244019138756 0.076677 0.339713
1 0.13099041533546324 0.6602870813397129 0.198083 0.363636
1 0.19329073482428114 0.3971291866028708 0.092652 0.354067
1 0.2939297124600639 0.3373205741626794 0.076677 0.234450
1 0.33386581469648563 0.5239234449760766 0.105431 0.215311
1 0.4233226837060703 0.5574162679425837 0.067093 0.291866
1 0.5175718849840255 0.5885167464114832 0.134185 0.401914
1 0.6916932907348242 0.44258373205741625 0.118211 0.636364
1 0.8690095846645367 0.45215311004784686 0.121406 0.808612
0 0.402555910543131 0.7583732057416268 0.389776 0.244019
