0 0.373 0.7106446776611693 0.746000 0.575712
1 0.684 0.3770614692653673 0.272000 0.337331
1 0.364 0.41829085457271364 0.444000 0.347826
1 0.385 0.2376311844077961 0.246000 0.211394
1 0.927 0.20914542728635682 0.142000 0.406297
1 0.91 0.15367316341829085 0.092000 0.202399
1 0.793 0.164167916041979 0.150000 0.328336
1 0.732 0.08620689655172413 0.092000 0.172414
1 0.601 0.09745127436281859 0.214000 0.194903
1 0.369 0.07796101949025487 0.202000 0.155922
1 0.197 0.16716641679160418 0.150000 0.334333
1 0.08 0.19415292353823088 0.160000 0.388306
