0 0.36333333333333334 0.83625 0.726667 0.322500
1 0.04833333333333334 0.3225 0.096667 0.380000
1 0.07666666666666667 0.17125 0.113333 0.172500
1 0.2316666666666667 0.3375 0.210000 0.415000
1 0.2866666666666667 0.44875 0.053333 0.052500
1 0.4866666666666667 0.2975 0.206667 0.400000
1 0.6116666666666667 0.19875 0.070000 0.072500
1 0.68 0.33625 0.166667 0.322500
1 0.7833333333333334 0.195 0.073333 0.065000
1 0.805 0.3875 0.143333 0.330000
1 0.915 0.22625 0.070000 0.062500
1 0.9133333333333334 0.41500000000000004 0.166667 0.390000
1 0.47500000000000003 0.55875 0.496667 0.222500
