0 0.438 0.6945945945945946 0.404000 0.297297
1 0.676 0.47972972972972977 0.136000 0.251351
1 0.885 0.22972972972972974 0.042000 0.270270
1 0.583 0.24864864864864866 0.090000 0.237838
1 0.495 0.3621621621621622 0.050000 0.178378
1 0.513 0.27297297297297296 0.046000 0.124324
1 0.458 0.3283783783783784 0.064000 0.289189
1 0.40800000000000003 0.24324324324324326 0.048000 0.064865
1 0.364 0.3540540540540541 0.104000 0.335135
1 0.281 0.36081081081081084 0.074000 0.218919
1 0.201 0.3918918918918919 0.094000 0.286486
1 0.517 0.48783783783783785 0.186000 0.289189
