0 0.9466666666666668 0.6902439024390243 0.103333 0.239024
0 0.6366666666666667 0.6682926829268293 0.170000 0.219512
0 0.18083333333333335 0.676829268292683 0.185000 0.270732
1 0.645 0.45121951219512196 0.073333 0.204878
1 0.7583333333333334 0.525609756097561 0.170000 0.553659
1 0.8683333333333334 0.5390243902439025 0.090000 0.468293
1 0.5408333333333334 0.46219512195121953 0.061667 0.358537
1 0.48500000000000004 0.3378048780487805 0.053333 0.173171
1 0.5083333333333334 0.2841463414634146 0.033333 0.085366
1 0.4541666666666667 0.2634146341463415 0.038333 0.058537
1 0.44583333333333336 0.5353658536585366 0.125000 0.446341
1 0.4108333333333334 0.2865853658536585 0.035000 0.065854
1 0.3666666666666667 0.2890243902439024 0.046667 0.075610
1 0.3441666666666667 0.524390243902439 0.088333 0.429268
1 0.3175 0.2646341463414634 0.041667 0.070732
1 0.27666666666666667 0.2926829268292683 0.050000 0.063415
1 0.2275 0.41829268292682925 0.101667 0.334146
