1 0.9375 0.19283065512978984 0.121875 0.370828
1 0.75390625 0.18479604449938195 0.235938 0.332509
1 0.5015625 0.17367119901112482 0.240625 0.134734
1 0.34453125 0.1934487021013597 0.126562 0.181706
1 0.09609375 0.16069221260815822 0.110938 0.163164
1 0.03125 0.2360939431396786 0.056250 0.321384
1 0.22421875000000002 0.22496909765142148 0.267188 0.205192
1 0.3046875 0.5006180469715698 0.525000 0.571075
1 0.734375 0.6155747836835599 0.528125 0.296663
0 0.56796875 0.8325092707045735 0.701563 0.325093
