0 0.5130111524163569 0.7569832402234637 0.453532 0.463687
1 0.8550185873605948 0.5558659217877095 0.282528 0.798883
1 0.758364312267658 0.3770949720670391 0.230483 0.486034
1 0.929368029739777 0.223463687150838 0.133829 0.446927
1 0.7620817843866171 0.15921787709497207 0.163569 0.318436
1 0.6579925650557621 0.22067039106145253 0.126394 0.441341
1 0.570631970260223 0.2597765363128492 0.144981 0.519553
1 0.4479553903345725 0.2988826815642458 0.174721 0.597765
1 0.13568773234200743 0.28212290502793297 0.271375 0.553073
1 0.25650557620817843 0.23743016759776536 0.148699 0.474860
