1 0.20361990950226247 0.6932203389830508 0.407240 0.606780
1 0.6809954751131222 0.6966101694915254 0.429864 0.416949
0 0.6018099547511313 0.7915254237288135 0.461538 0.200000
1 0.3823529411764706 0.6169491525423728 0.176471 0.189831
1 0.5859728506787331 0.4728813559322034 0.212670 0.322034
1 0.3800904977375566 0.40338983050847455 0.244344 0.311864
1 0.1719457013574661 0.4406779661016949 0.208145 0.277966
1 0.05203619909502263 0.5627118644067797 0.104072 0.332203
1 0.04298642533936652 0.3847457627118644 0.085973 0.105085
1 0.13122171945701358 0.3423728813559322 0.072398 0.061017
