0 0.8719135802469136 0.6442786069651741 0.188272 0.343284
0 0.7422839506172839 0.6169154228855721 0.145062 0.368159
1 0.09567901234567901 0.5945273631840796 0.185185 0.741294
1 0.21604938271604937 0.48756218905472637 0.222222 0.766169
1 0.4135802469135802 0.5796019900497512 0.185185 0.830846
1 0.4367283950617284 0.1691542288557214 0.114198 0.119403
1 0.566358024691358 0.5074626865671642 0.157407 0.905473
1 0.7391975308641975 0.39303482587064675 0.163580 0.398010
1 0.9074074074074073 0.4079601990049751 0.166667 0.467662
1 0.8703703703703703 0.26616915422885573 0.111111 0.283582
