1 0.3593220338983051 0.5271493212669683 0.244068 0.683258
1 0.3338983050847458 0.07239819004524888 0.084746 0.144796
1 0.42542372881355933 0.12895927601809956 0.098305 0.257919
1 0.5338983050847458 0.26244343891402716 0.098305 0.271493
1 0.6016949152542372 0.20361990950226247 0.064407 0.244344
1 0.6627118644067796 0.19457013574660637 0.071186 0.280543
1 0.5033898305084745 0.07013574660633484 0.077966 0.140271
1 0.5983050847457627 0.04298642533936652 0.071186 0.085973
1 0.7305084745762712 0.10633484162895929 0.077966 0.212670
1 0.8457627118644068 0.2171945701357466 0.138983 0.425339
1 0.9355932203389831 0.31221719457013575 0.122034 0.524887
0 0.5711864406779661 0.6764705882352942 0.322034 0.610860
