1 0.08032128514056225 0.3056426332288401 0.160643 0.498433
1 0.03915662650602409 0.02037617554858934 0.058233 0.040752
1 0.11345381526104417 0.21316614420062696 0.106426 0.398119
1 0.18775100401606423 0.24059561128526644 0.162651 0.456113
1 0.321285140562249 0.2782131661442006 0.152610 0.556426
1 0.3975903614457831 0.058777429467084634 0.076305 0.114420
1 0.4598393574297188 0.07758620689655173 0.060241 0.064263
1 0.5210843373493975 0.30094043887147337 0.162651 0.576803
1 0.6224899598393574 0.3228840125391849 0.184739 0.586207
1 0.7761044176706826 0.14498432601880878 0.122490 0.211599
1 0.8504016064257027 0.5031347962382445 0.283133 0.990596
1 0.9367469879518071 0.6849529780564263 0.122490 0.592476
0 0.33534136546184734 0.7829153605015674 0.670683 0.431034
