0 0.3023255813953488 0.7322033898305085 0.409302 0.420339
1 0.42093023255813955 0.2576271186440678 0.106977 0.379661
1 0.6209302325581395 0.2661016949152542 0.116279 0.369492
1 0.6825581395348838 0.511864406779661 0.188372 0.677966
1 0.7476744186046511 0.32033898305084746 0.123256 0.437288
1 0.7325581395348837 0.15084745762711865 0.088372 0.247458
1 0.8325581395348837 0.3254237288135593 0.102326 0.494915
1 0.9104651162790698 0.5610169491525424 0.174419 0.850847
1 0.8988372093023256 0.435593220338983 0.146512 0.728814
1 0.9418604651162791 0.14745762711864407 0.079070 0.152542
