0 0.48509933774834435 0.7453703703703703 0.460265 0.231481
1 0.6539735099337748 0.22453703703703703 0.056291 0.273148
1 0.7168874172185431 0.17592592592592593 0.049669 0.157407
1 0.5198675496688742 0.35416666666666663 0.119205 0.560185
1 0.41721854304635764 0.3032407407407407 0.105960 0.560185
1 0.32450331125827814 0.3101851851851852 0.092715 0.527778
1 0.1986754966887417 0.2638888888888889 0.092715 0.527778
1 0.15894039735099338 0.34259259259259256 0.132450 0.583333
1 0.0728476821192053 0.2685185185185185 0.059603 0.472222
1 0.046357615894039736 0.32175925925925924 0.092715 0.569444
