1 0.06703470031545741 0.5 0.121451 0.471910
1 0.03706624605678233 0.2443820224719101 0.048896 0.129213
1 0.09621451104100946 0.09550561797752809 0.056782 0.117978
1 0.1640378548895899 0.06882022471910113 0.072555 0.137640
1 0.030757097791798107 0.0800561797752809 0.061514 0.126404
1 0.2397476340694006 0.23735955056179775 0.110410 0.441011
1 0.29258675078864355 0.07303370786516854 0.105678 0.146067
1 0.45347003154574134 0.1292134831460674 0.099369 0.235955
1 0.3280757097791798 0.25280898876404495 0.094637 0.151685
1 0.6987381703470031 0.22752808988764045 0.066246 0.443820
1 0.8414826498422713 0.25702247191011235 0.099369 0.502809
1 0.943217665615142 0.36095505617977525 0.097792 0.721910
1 0.6041009463722398 0.4241573033707865 0.104101 0.438202
1 0.4755520504731861 0.2584269662921348 0.052050 0.117978
1 0.48186119873817035 0.3398876404494382 0.052050 0.095506
1 0.46845425867507884 0.5421348314606741 0.100946 0.415730
1 0.3446372239747634 0.6460674157303371 0.152997 0.662921
1 0.19006309148264983 0.5168539325842696 0.102524 0.511236
0 0.49369085173501576 0.7766853932584269 0.321767 0.221910
