0 0.9447115384615385 0.8333333333333334 0.100962 0.326087
0 0.811298076923077 0.8152173913043478 0.156250 0.326087
0 0.6117788461538461 0.8206521739130435 0.237981 0.315217
0 0.5 0.7663043478260869 0.197115 0.286232
0 0.32091346153846156 0.7554347826086957 0.233173 0.264493
0 0.23317307692307693 0.7391304347826088 0.254808 0.217391
0 0.11418269230769232 0.7373188405797102 0.228365 0.221014
0 0.35697115384615385 0.5380434782608696 0.112981 0.134058
0 0.41947115384615385 0.5561594202898551 0.132212 0.126812
0 0.5492788461538461 0.5597826086956522 0.146635 0.155797
0 0.65625 0.5815217391304348 0.091346 0.134058
0 0.08774038461538462 0.5851449275362319 0.175481 0.076087
