0 0.34673366834170855 0.7703703703703704 0.693467 0.451852
1 0.6017587939698492 0.4425925925925926 0.087940 0.151852
1 0.7964824120603016 0.575925925925926 0.402010 0.744444
1 0.8605527638190955 0.13703703703703704 0.203518 0.274074
1 0.8844221105527639 0.7203703703703704 0.226131 0.537037
1 0.36432160804020103 0.27037037037037037 0.311558 0.355556
1 0.5414572864321608 0.13703703703703704 0.178392 0.259259
1 0.6243718592964824 0.09814814814814815 0.108040 0.196296
1 0.7613065326633166 0.07592592592592592 0.110553 0.151852
1 0.4057788944723618 0.07962962962962963 0.087940 0.159259
1 0.31155778894472363 0.08333333333333334 0.105528 0.166667
