0 0.20678336980306344 0.775 0.199125 0.171053
1 0.87527352297593 0.2855263157894737 0.140044 0.413158
1 0.7943107221006565 0.7092105263157894 0.131291 0.402632
1 0.5492341356673961 0.40789473684210525 0.096280 0.410526
1 0.47045951859956237 0.39473684210526316 0.078775 0.368421
1 0.42669584245076586 0.3355263157894737 0.083151 0.334211
1 0.3533916849015317 0.4236842105263158 0.120350 0.415789
1 0.3282275711159737 0.3526315789473684 0.061269 0.347368
1 0.33150984682713347 0.15 0.085339 0.184211
1 0.2210065645514223 0.45789473684210524 0.131291 0.410526
1 0.36433260393873085 0.1986842105263158 0.037199 0.044737
