0 0.6881188118811882 0.6370370370370371 0.415842 0.377778
1 0.04702970297029703 0.11851851851851852 0.094059 0.096296
1 0.18316831683168316 0.4981481481481482 0.366337 0.996296
1 0.37623762376237624 0.20370370370370372 0.217822 0.400000
1 0.5965346534653465 0.13703703703703704 0.143564 0.155556
1 0.8044554455445545 0.11481481481481481 0.232673 0.185185
1 0.9158415841584159 0.09074074074074075 0.158416 0.181481
1 0.8836633663366337 0.3351851851851852 0.153465 0.129630
1 0.6386138613861386 0.3685185185185185 0.524752 0.337037
1 0.8985148514851485 0.6111111111111112 0.193069 0.474074
