0 0.5127777777777778 0.6385245901639345 0.452222 0.332787
0 0.405 0.7344262295081967 0.485556 0.308197
0 0.3427777777777778 0.8319672131147541 0.567778 0.332787
0 0.16555555555555557 0.8647540983606558 0.295556 0.267213
1 0.6094444444444445 0.39262295081967213 0.212222 0.604918
1 0.37166666666666665 0.4786885245901639 0.278889 0.514754
1 0.6844444444444444 0.21311475409836064 0.117778 0.426230
1 0.8727777777777778 0.44426229508196724 0.223333 0.888525
1 0.39555555555555555 0.1860655737704918 0.133333 0.372131
1 0.2972222222222222 0.1942622950819672 0.098889 0.339344
1 0.20333333333333334 0.20901639344262296 0.095556 0.355738
1 0.13277777777777777 0.14672131147540984 0.085556 0.244262
