1 0.9609090909090909 0.48759305210918114 0.074545 0.940447
1 0.8572727272727273 0.5099255583126551 0.136364 0.895782
1 0.7663636363636364 0.36724565756823824 0.107273 0.595533
1 0.6736363636363636 0.3933002481389578 0.100000 0.513648
1 0.5918181818181818 0.4057071960297767 0.161818 0.632754
1 0.5018181818181818 0.2990074441687345 0.072727 0.290323
1 0.3890909090909091 0.2841191066997519 0.087273 0.275434
1 0.2690909090909091 0.3200992555831266 0.087273 0.302730
1 0.16818181818181818 0.3387096774193548 0.092727 0.315136
1 0.09181818181818181 0.45533498759305213 0.136364 0.707196
1 0.02909090909090909 0.15384615384615385 0.054545 0.094293
1 0.05272727272727273 0.825062034739454 0.105455 0.270471
1 0.45545454545454545 0.5955334987593052 0.172727 0.267990
1 0.44545454545454544 0.45037220843672454 0.145455 0.111663
1 0.2590909090909091 0.5992555831265509 0.140000 0.344913
1 0.3472727272727273 0.47642679900744417 0.058182 0.084367
0 0.33090909090909093 0.6699751861042184 0.134545 0.218362
