1 0.2126984126984127 0.48703703703703705 0.304762 0.951852
1 0.044444444444444446 0.48703703703703705 0.076190 0.833333
1 0.9126984126984127 0.5018518518518519 0.168254 0.988889
1 0.8603174603174604 0.05185185185185186 0.088889 0.096296
1 0.7841269841269841 0.044444444444444446 0.088889 0.088889
1 0.7158730158730159 0.0962962962962963 0.155556 0.192593
1 0.5841269841269842 0.07037037037037037 0.063492 0.133333
1 0.49682539682539684 0.053703703703703705 0.073016 0.070370
1 0.42063492063492064 0.5277777777777778 0.174603 0.455556
1 0.7111111111111111 0.2962962962962963 0.203175 0.207407
1 0.7746031746031746 0.587037037037037 0.171429 0.277778
0 0.5174603174603175 0.8148148148148149 0.368254 0.362963
