1 0.41833333333333333 0.5225000000000001 0.223333 0.951667
1 0.6561111111111111 0.6625000000000001 0.241111 0.655000
1 0.8627777777777778 0.6191666666666668 0.085556 0.448333
1 0.965 0.6458333333333334 0.067778 0.505000
1 0.9577777777777777 0.3916666666666667 0.044444 0.063333
1 0.23222222222222222 0.6466666666666667 0.102222 0.553333
1 0.3088888888888889 0.4866666666666667 0.040000 0.126667
1 0.14888888888888888 0.6016666666666667 0.106667 0.480000
1 0.2011111111111111 0.42583333333333334 0.042222 0.065000
1 0.2644444444444444 0.42250000000000004 0.028889 0.048333
