0 0.7203389830508474 0.7262443438914028 0.233898 0.176471
1 0.7966101694915254 0.26018099547511314 0.061017 0.149321
1 0.7847457627118644 0.42533936651583715 0.084746 0.443439
1 0.6728813559322033 0.5701357466063349 0.159322 0.180995
1 0.46440677966101696 0.45927601809954754 0.094915 0.411765
1 0.3084745762711864 0.3733031674208145 0.047458 0.221719
1 0.35762711864406777 0.46606334841628966 0.111864 0.443439
1 0.21694915254237288 0.5316742081447964 0.142373 0.674208
1 0.08983050847457627 0.5090497737556562 0.064407 0.484163
1 0.14576271186440679 0.5429864253393666 0.101695 0.533937
