1 0.6055555555555555 0.4008333333333334 0.144444 0.425000
1 0.6766666666666666 0.26833333333333337 0.060000 0.120000
1 0.8022222222222222 0.21333333333333335 0.146667 0.096667
1 0.8511111111111112 0.4675 0.284444 0.798333
1 0.20555555555555555 0.35833333333333334 0.068889 0.173333
1 0.26666666666666666 0.3566666666666667 0.057778 0.140000
1 0.15888888888888889 0.36083333333333334 0.068889 0.148333
1 0.03888888888888889 0.36333333333333334 0.077778 0.256667
1 0.19555555555555557 0.5891666666666667 0.302222 0.271667
0 0.41888888888888887 0.6441666666666667 0.277778 0.218333
