1 0.1604895104895105 0.6161458333333333 0.151748 0.765625
1 0.3618881118881119 0.46458333333333335 0.094406 0.345833
1 0.35524475524475524 0.44635416666666666 0.062937 0.296875
1 0.558041958041958 0.4536458333333333 0.241958 0.644792
1 0.4513986013986014 0.43333333333333335 0.066434 0.279167
1 0.5895104895104895 0.5208333333333334 0.078322 0.406250
1 0.6751748251748252 0.49947916666666664 0.087413 0.309375
1 0.6835664335664335 0.4192708333333333 0.059441 0.180208
1 0.0520979020979021 0.39479166666666665 0.083217 0.216667
0 0.5097902097902098 0.8171875 0.448951 0.363542
