1 0.07545454545454545 0.3494539781591264 0.143636 0.570983
1 0.08727272727272728 0.10218408736349455 0.076364 0.204368
1 0.25 0.2683307332293292 0.256364 0.533541
1 0.5218181818181818 0.09438377535101404 0.152727 0.188768
1 0.6409090909090909 0.12636505460218408 0.227273 0.127925
1 0.6054545454545455 0.3174726989079563 0.309091 0.251170
1 0.87 0.41029641185647425 0.241818 0.820593
0 0.7336363636363636 0.5343213728549142 0.227273 0.213729
0 0.4590909090909091 0.6372854914196568 0.721818 0.422777
1 0.11090909090909092 0.8720748829953199 0.221818 0.252730
