0 0.5169014084507042 0.5659090909090909 0.222535 0.122727
1 0.34084507042253526 0.5181818181818182 0.135211 0.290909
1 0.23661971830985917 0.4477272727272727 0.135211 0.286364
1 0.35774647887323946 0.23863636363636362 0.073239 0.295455
1 0.4154929577464789 0.22272727272727272 0.059155 0.236364
1 0.5281690140845071 0.27954545454545454 0.087324 0.368182
1 0.6704225352112676 0.3659090909090909 0.169014 0.731818
1 0.7802816901408451 0.5 0.214085 0.990909
1 0.9084507042253521 0.45454545454545453 0.138028 0.900000
1 0.9422535211267606 0.5863636363636363 0.109859 0.818182
