1 0.5927835051546392 0.3358433734939759 0.099656 0.063253
1 0.6219931271477663 0.43373493975903615 0.089347 0.114458
1 0.5687285223367697 0.4563253012048193 0.106529 0.105422
1 0.6649484536082474 0.6475903614457832 0.161512 0.313253
1 0.5292096219931272 0.6536144578313253 0.123711 0.343373
1 0.37285223367697595 0.45180722891566266 0.106529 0.168675
1 0.3470790378006873 0.6641566265060241 0.137457 0.334337
1 0.12714776632302405 0.7951807228915663 0.178694 0.271084
0 0.15979381443298968 0.661144578313253 0.319588 0.087349
0 0.24398625429553264 0.6114457831325302 0.254296 0.060241
0 0.23195876288659795 0.5737951807228916 0.134021 0.039157
0 0.25601374570446733 0.5466867469879518 0.106529 0.045181
