1 0.17 0.25245901639344265 0.070000 0.150820
1 0.051250000000000004 0.5032786885245901 0.102500 0.986885
1 0.27125 0.1901639344262295 0.047500 0.059016
1 0.2025 0.20163934426229507 0.055000 0.114754
1 0.80625 0.3901639344262295 0.157500 0.577049
1 0.64875 0.6491803278688525 0.247500 0.327869
1 0.33875 0.6704918032786885 0.207500 0.422951
1 0.44 0.5377049180327869 0.095000 0.216393
1 0.68875 0.29180327868852457 0.057500 0.295082
1 0.65625 0.21311475409836064 0.067500 0.157377
1 0.53125 0.22950819672131148 0.042500 0.131148
0 0.50875 0.719672131147541 0.177500 0.272131
