1 0.17875 0.21989966555183946 0.342500 0.413043
1 0.078125 0.36872909698996653 0.153750 0.416388
1 0.155625 0.34698996655518394 0.156250 0.168896
1 0.14125000000000001 0.7834448160535117 0.280000 0.429766
1 0.9243750000000001 0.770066889632107 0.148750 0.456522
1 0.665625 0.10869565217391304 0.078750 0.210702
1 0.515 0.18561872909698995 0.185000 0.371237
1 0.786875 0.13795986622073578 0.116250 0.262542
1 0.89375 0.1020066889632107 0.065000 0.197324
1 0.94125 0.2633779264214047 0.115000 0.526756
0 0.536875 0.6680602006688963 0.568750 0.590301
