0 0.6296758104738155 0.6441947565543071 0.386534 0.258427
1 0.12967581047381546 0.39887640449438205 0.084788 0.228464
1 0.16708229426433915 0.3586142322097378 0.054863 0.147940
1 0.26184538653366585 0.42696629213483145 0.164589 0.318352
1 0.33665835411471323 0.3342696629213483 0.094763 0.147940
1 0.4102244389027431 0.40823970037453183 0.172070 0.213483
1 0.44389027431421446 0.29681647940074907 0.049875 0.039326
1 0.7107231920199502 0.40823970037453183 0.114713 0.269663
1 0.8154613466334164 0.5627340823970037 0.219451 0.177903
1 0.3778054862842893 0.6161048689138577 0.236908 0.295880
