0 0.6217741935483871 0.772 0.366129 0.253333
1 0.6725806451612903 0.44266666666666665 0.038710 0.341333
1 0.7048387096774194 0.448 0.077419 0.469333
1 0.7725806451612903 0.48266666666666663 0.058065 0.528000
1 0.8169354838709677 0.46799999999999997 0.030645 0.498667
1 0.8540322580645161 0.488 0.043548 0.565333
1 0.9016129032258065 0.5306666666666666 0.090323 0.613333
1 0.9346774193548387 0.36933333333333335 0.037097 0.258667
1 0.9612903225806452 0.36266666666666664 0.032258 0.314667
1 0.9846774193548387 0.41733333333333333 0.027419 0.376000
