0 0.45032051282051283 0.6658653846153847 0.663462 0.437500
0 0.7467948717948718 0.34855769230769235 0.500000 0.187500
1 0.1346153846153846 0.17548076923076925 0.121795 0.350962
1 0.2676282051282051 0.2716346153846154 0.214744 0.543269
1 0.3189102564102564 0.13701923076923078 0.086538 0.274038
1 0.46955128205128205 0.27403846153846156 0.189103 0.346154
1 0.40544871794871795 0.16346153846153846 0.080128 0.326923
1 0.6698717948717948 0.23798076923076925 0.205128 0.456731
1 0.548076923076923 0.15384615384615385 0.108974 0.298077
1 0.8733974358974359 0.17067307692307693 0.157051 0.341346
