1 0.08982035928143713 0.6431818181818182 0.107784 0.440909
1 0.18712574850299402 0.5454545454545454 0.062874 0.218182
1 0.312874251497006 0.5272727272727272 0.050898 0.163636
1 0.25299401197604793 0.6295454545454545 0.086826 0.331818
1 0.7335329341317366 0.44545454545454544 0.077844 0.154545
1 0.7979041916167665 0.6840909090909091 0.122754 0.586364
1 0.8502994011976048 0.4795454545454545 0.077844 0.259091
1 0.9101796407185629 0.6295454545454545 0.071856 0.459091
1 0.971556886227545 0.6159090909090909 0.050898 0.486364
0 0.561377245508982 0.7 0.212575 0.136364
