1 0.11181818181818182 0.30387409200968524 0.154545 0.602906
1 0.2909090909090909 0.07142857142857144 0.040000 0.142857
1 0.4072727272727273 0.21670702179176757 0.152727 0.433414
1 0.5518181818181818 0.14285714285714288 0.132727 0.285714
1 0.6527272727272727 0.26150121065375304 0.112727 0.523002
1 0.7318181818181818 0.28329297820823246 0.161818 0.556901
1 0.8645454545454545 0.3268765133171913 0.190909 0.600484
1 0.9081818181818182 0.49757869249394676 0.172727 0.990315
1 0.2690909090909091 0.6295399515738499 0.341818 0.416465
1 0.4772727272727273 0.5375302663438257 0.230909 0.401937
1 0.5209090909090909 0.3353510895883777 0.110909 0.113801
0 0.35363636363636364 0.8135593220338984 0.696364 0.368039
