0 0.4604743083003952 0.8934108527131783 0.549407 0.205426
1 0.46837944664031617 0.7054263565891473 0.375494 0.581395
1 0.3992094861660079 0.6511627906976745 0.592885 0.658915
1 0.0533596837944664 0.49612403100775193 0.106719 0.767442
1 0.16403162055335968 0.48062015503875966 0.225296 0.829457
1 0.28656126482213434 0.35271317829457366 0.146245 0.100775
1 0.4861660079051383 0.22286821705426357 0.173913 0.251938
1 0.5968379446640316 0.18023255813953487 0.094862 0.143411
1 0.6976284584980237 0.437984496124031 0.154150 0.620155
1 0.7687747035573123 0.17635658914728683 0.090909 0.158915
1 0.8794466403162055 0.501937984496124 0.185771 0.748062
1 0.9604743083003952 0.42248062015503873 0.071146 0.542636
