0 0.2546816479400749 0.8116666666666668 0.153558 0.156667
0 0.3539325842696629 0.7283333333333334 0.104869 0.090000
0 0.5234082397003745 0.7733333333333334 0.215356 0.113333
0 0.2406367041198502 0.6233333333333334 0.155431 0.073333
0 0.24250936329588016 0.68 0.170412 0.066667
0 0.3913857677902622 0.6333333333333334 0.123596 0.073333
0 0.6479400749063671 0.755 0.093633 0.116667
0 0.7593632958801498 0.7333333333333334 0.174157 0.086667
0 0.5749063670411985 0.6066666666666667 0.149813 0.093333
0 0.7069288389513109 0.66 0.099251 0.066667
0 0.13576779026217228 0.7466666666666667 0.177903 0.093333
0 0.47846441947565543 0.6616666666666667 0.155431 0.070000
