1 0.04 0.18281036834924966 0.058182 0.133697
1 0.1409090909090909 0.22237380627557982 0.143636 0.267394
1 0.2309090909090909 0.17871759890859482 0.043636 0.076398
1 0.27090909090909093 0.16916780354706684 0.036364 0.057299
1 0.3 0.13915416098226466 0.050909 0.051842
1 0.4254545454545455 0.18963165075034105 0.069091 0.152797
1 0.5481818181818182 0.17189631650750342 0.085455 0.128240
1 0.62 0.23328785811732605 0.116364 0.234652
1 0.6909090909090909 0.14733969986357434 0.050909 0.051842
1 0.7390909090909091 0.26193724420190995 0.129091 0.313779
1 0.7872727272727272 0.13096862210095497 0.029091 0.051842
1 0.8318181818181818 0.24624829467939974 0.129091 0.391542
1 0.9345454545454546 0.291268758526603 0.127273 0.407913
1 0.96 0.6350613915416098 0.076364 0.159618
1 0.3236363636363636 0.27012278308321963 0.174545 0.343793
1 0.5 0.29536152796725784 0.152727 0.143247
1 0.43454545454545457 0.4945429740791269 0.407273 0.222374
1 0.6781818181818182 0.515006821282401 0.298182 0.309686
0 0.5527272727272727 0.73806275579809 0.520000 0.502046
