0 0.58 0.8822751322751322 0.632000 0.129630
1 0.058 0.4973544973544973 0.108000 0.994709
1 0.122 0.30687830687830686 0.168000 0.597884
1 0.2 0.7328042328042328 0.208000 0.423280
1 0.34900000000000003 0.4854497354497354 0.142000 0.097884
1 0.457 0.7037037037037037 0.298000 0.465608
1 0.327 0.2447089947089947 0.250000 0.489418
1 0.592 0.5132275132275133 0.264000 0.968254
1 0.745 0.45370370370370366 0.186000 0.854497
1 0.913 0.5105820105820106 0.146000 0.973545
1 0.977 0.06481481481481481 0.042000 0.129630
