1 0.37936507936507935 0.10869565217391304 0.053968 0.178744
1 0.1 0.46376811594202894 0.079365 0.144928
1 0.07777777777777778 0.5942028985507246 0.092063 0.212560
1 0.21904761904761905 0.7342995169082125 0.095238 0.154589
1 0.873015873015873 0.6183574879227053 0.101587 0.251208
1 0.9507936507936507 0.5772946859903382 0.092063 0.246377
1 0.9650793650793651 0.4323671497584541 0.057143 0.159420
1 0.9714285714285714 0.28743961352657005 0.050794 0.140097
1 0.6253968253968254 0.38405797101449274 0.050794 0.188406
1 0.7619047619047619 0.6062801932367149 0.057143 0.159420
1 0.7904761904761904 0.7536231884057971 0.076190 0.135266
1 0.38095238095238093 0.5821256038647342 0.095238 0.198068
1 0.473015873015873 0.2801932367149758 0.057143 0.212560
1 0.5682539682539682 0.1473429951690821 0.069841 0.082126
0 0.21904761904761905 0.3864734299516908 0.165079 0.125604
0 0.19523809523809524 0.5531400966183575 0.193651 0.111111
0 0.2396825396825397 0.6256038647342995 0.180952 0.169082
1 0.34285714285714286 0.8285024154589372 0.076190 0.217391
0 0.4746031746031746 0.8043478260869564 0.206349 0.169082
0 0.5396825396825397 0.611111111111111 0.171429 0.130435
0 0.36666666666666664 0.36231884057971014 0.092063 0.202899
0 0.6603174603174603 0.33091787439613524 0.044444 0.159420
0 0.726984126984127 0.3913043478260869 0.101587 0.144928
0 0.8444444444444444 0.2681159420289855 0.133333 0.101449
0 0.7555555555555555 0.21014492753623187 0.076190 0.130435
0 0.6968253968253968 0.11835748792270531 0.066667 0.111111
0 0.6238095238095238 0.12801932367149757 0.053968 0.101449
0 0.5396825396825397 0.32367149758454106 0.069841 0.135266
