0 0.48828125 0.6873706004140787 0.282813 0.451346
1 0.39609375 0.16045548654244307 0.145313 0.320911
1 0.20859375000000002 0.06418219461697723 0.098438 0.128364
1 0.1484375 0.25983436853002073 0.143750 0.254658
1 0.22734375 0.49689440993788825 0.214063 0.434783
1 0.07421875 0.37370600414078675 0.148438 0.445135
1 0.1046875 0.8426501035196688 0.181250 0.281573
1 0.3171875 0.8426501035196688 0.246875 0.302277
1 0.6976562500000001 0.756728778467909 0.179688 0.366460
0 0.8343750000000001 0.7142857142857143 0.143750 0.281573
