0 0.3 0.7481203007518796 0.345000 0.428571
1 0.39375 0.35526315789473684 0.112500 0.214286
1 0.60875 0.650375939849624 0.317500 0.691729
1 0.09625 0.2932330827067669 0.192500 0.586466
1 0.03875 0.5225563909774436 0.077500 0.526316
1 0.255 0.2556390977443609 0.200000 0.511278
1 0.45375 0.15977443609022557 0.152500 0.319549
1 0.5575 0.14097744360902253 0.060000 0.281955
1 0.6525 0.22556390977443608 0.130000 0.451128
1 0.73875 0.08270676691729323 0.052500 0.165414
1 0.8725 0.343984962406015 0.250000 0.687970
